************
450.7609558 221.2888947 
496.8822021 221.6967010 
542.9431152 222.0845490 
588.9057617 222.5105133 
634.7093506 222.9617004 
680.3989868 223.3938599 
725.9613037 223.8520966 
771.3904419 224.2862854 
816.6234131 224.8032227 
861.7595825 225.2657166 
906.7142334 225.7559204 
951.5281982 226.2678986 
996.1974487 226.7403412 
1040.6079102 227.3093414 
1084.9274902 227.7390137 
1129.0903320 228.3024292 
1173.1101074 228.7729645 
450.6153259 267.1898193 
496.8098450 267.5633240 
542.9056396 267.9183655 
588.8469849 268.2332153 
634.7296143 268.6333313 
680.4318848 268.9718628 
726.0227661 269.3927612 
771.4804688 269.7961121 
816.7853394 270.1780396 
861.9444580 270.5737610 
906.9127197 271.0335083 
951.7428589 271.4694519 
996.4329224 271.8887634 
1040.8876953 272.3344727 
1085.2550049 272.7113953 
1129.4471436 273.2135010 
1173.4748535 273.5733948 
450.4395142 313.1892395 
496.7052002 313.5109253 
542.8214111 313.8282166 
588.8178711 314.0901489 
634.7207642 314.3883362 
680.4490967 314.7314148 
726.0819092 315.0154419 
771.5883789 315.3262024 
816.9279785 315.6802368 
862.0924072 316.0046692 
907.1118774 316.3708496 
951.9778442 316.6959839 
996.6526489 317.0670776 
1041.2149658 317.4394836 
1085.5826416 317.7388306 
1129.7740479 318.1085510 
1173.7760010 318.4573364 
450.3146057 359.2854004 
496.5903015 359.5204163 
542.7662964 359.7868958 
588.7893677 360.0051880 
634.6837769 360.2261963 
680.4982910 360.5062866 
726.1535645 360.7475281 
771.6895142 360.9720154 
817.0459595 361.2281799 
862.2656250 361.5048218 
907.3022461 361.7564087 
952.2135620 362.0340881 
996.9388428 362.3316040 
1041.4775391 362.5647583 
1085.8455811 362.8375854 
1130.0948486 363.1506653 
1174.1485596 363.4071960 
450.1771851 405.4367065 
496.4981995 405.6414185 
542.7120972 405.7900696 
588.7698364 405.9736938 
634.7089844 406.1332092 
680.5344849 406.2876282 
726.1881104 406.4864197 
771.7747803 406.6817017 
817.1624756 406.8560486 
862.4353027 407.0236206 
907.4984131 407.2192688 
952.4212646 407.4427490 
997.1632080 407.6063843 
1041.6801758 407.7955017 
1086.1735840 407.9774780 
1130.3945312 408.2047119 
1174.4696045 408.3956909 
450.1086731 451.6769104 
496.4046021 451.7919922 
542.6509399 451.8726807 
588.7396240 451.9783936 
634.7023315 452.0789490 
680.5477905 452.1841125 
726.2662354 452.2925415 
771.8605347 452.4193726 
817.2670898 452.5451050 
862.5478516 452.6346436 
907.6352539 452.7373047 
952.5698853 452.8671875 
997.3961182 452.9621277 
1041.9636230 453.0720825 
1086.4150391 453.2211304 
1130.6503906 453.3111877 
1174.7626953 453.4098816 
450.0121765 497.8975220 
496.3392334 497.9617920 
542.6074829 498.0105286 
588.7282715 498.0785522 
634.7105103 498.0991516 
680.5806885 498.1167603 
726.3394775 498.1808777 
771.9198608 498.2140198 
817.3835449 498.2512817 
862.6775513 498.2919006 
907.8107910 498.3517456 
952.7470703 498.3784485 
997.5627441 498.4210510 
1042.2106934 498.4196777 
1086.6490479 498.4613953 
1130.9134521 498.4895325 
1175.0858154 498.4943542 
449.9415283 544.2111206 
496.2948303 544.1996460 
542.5750732 544.1681519 
588.7259521 544.1715088 
634.7407837 544.1571045 
680.6279297 544.1230469 
726.3851318 544.1129761 
772.0021362 544.0830688 
817.4776001 544.0272217 
862.7688599 543.9981079 
907.9490356 543.9884644 
952.9205933 543.8903198 
997.7359009 543.8364868 
1042.3970947 543.7859497 
1086.8453369 543.7409058 
1131.1950684 543.6998901 
1175.3743896 543.6306763 
449.8683167 590.5230103 
496.2427979 590.4793701 
542.5394287 590.4228516 
588.6989136 590.3295898 
634.7201538 590.2417603 
680.6823120 590.1623535 
726.4307251 590.0740356 
772.0692749 589.9695435 
817.5455933 589.8589478 
862.8980103 589.7335815 
908.0797729 589.6246338 
953.1094360 589.5087280 
997.9058228 589.3641968 
1042.5712891 589.2595825 
1087.0920410 589.1013184 
1131.4476318 588.9310913 
1175.6081543 588.8098145 
449.8265991 636.9115601 
496.1937256 636.8137207 
542.5039062 636.7180786 
588.7194214 636.5281982 
634.7464600 636.3851318 
680.6954346 636.2197876 
726.4902344 636.0434570 
772.1254272 635.8908691 
817.6455078 635.6917725 
862.9961548 635.5238037 
908.2083740 635.3211670 
953.2185059 635.0900879 
998.0895996 634.8785400 
1042.7460938 634.6743774 
1087.3270264 634.4605713 
1131.6542969 634.2661133 
1175.8302002 634.0177002 
449.7737122 683.2663574 
496.1654968 683.1245728 
542.4985352 682.9557495 
588.7163086 682.7653198 
634.7698364 682.5453491 
680.7142944 682.2934570 
726.5281982 682.0678711 
772.2055054 681.8092651 
817.6950073 681.5791626 
863.0974121 681.2947388 
908.3094482 681.0294800 
953.3547974 680.7188110 
998.2517700 680.4634399 
1042.9086914 680.1716919 
1087.4798584 679.8666382 
1131.8728027 679.5738525 
1176.0834961 679.2929688 
449.7343140 729.7428589 
496.1503906 729.4815674 
542.4905396 729.2185669 
588.7091064 728.9915771 
634.7918701 728.7060547 
680.7605591 728.4227905 
726.5479736 728.1241455 
772.2476196 727.7766113 
817.8146973 727.4667358 
863.1647339 727.1082153 
908.4001465 726.7595825 
953.4516602 726.4144897 
998.3538208 726.0368042 
1043.0947266 725.6694336 
1087.6030273 725.3148804 
1132.0706787 724.8902588 
1176.3367920 724.5520630 
449.7080688 776.1525269 
496.1355591 775.8681641 
542.4697876 775.5489502 
588.6895142 775.1965332 
634.7904663 774.8731689 
680.7901611 774.5267334 
726.5936890 774.1501465 
772.3281860 773.7574463 
817.8613281 773.3450317 
863.2260132 772.9594727 
908.4850464 772.5229492 
953.5661621 772.0977173 
998.4755859 771.6431274 
1043.2460938 771.2069702 
1087.8026123 770.7629395 
1132.2779541 770.3236694 
1176.5538330 769.8583984 
449.6932983 822.5831299 
496.1250305 822.2261963 
542.4827881 821.8776245 
588.7296143 821.4700928 
634.8256836 821.0724487 
680.7971191 820.6431274 
726.6285400 820.1770630 
772.3615723 819.7476196 
817.9169922 819.2860107 
863.3245850 818.7536621 
908.5634155 818.2865601 
953.6292725 817.7915039 
998.5745850 817.2879028 
1043.3619385 816.7174072 
1088.0002441 816.2540894 
1132.4499512 815.6889648 
1176.7666016 815.1951294 
############
************
545.4766846 191.6407013 
585.0734253 196.0853271 
623.7622681 200.4522400 
661.4090576 204.6826172 
698.1615601 208.8174591 
734.0180054 212.8980255 
768.9799194 216.8810425 
803.1203003 220.7811127 
836.4087524 224.5642700 
868.9750977 228.2666473 
900.7403564 231.9157562 
931.7479248 235.4550781 
962.1173096 238.9108124 
991.7188110 242.3376312 
1020.6868896 245.6565857 
1048.9862061 248.9123535 
1076.7390137 252.1058502 
545.4411011 241.7844696 
585.0972290 245.5878296 
623.7849731 249.3360291 
661.4642944 252.9544067 
698.2656860 256.5354614 
734.1834717 260.0067139 
769.1330566 263.4248352 
803.2709961 266.7450867 
836.6738281 269.9904175 
869.1760864 273.1844482 
900.9804688 276.3128357 
932.0186157 279.3776855 
962.3746338 282.3029480 
991.9908447 285.2380981 
1020.9718018 288.0544434 
1049.2642822 290.8872070 
1077.0109863 293.5683899 
545.3922729 292.0354309 
585.0747070 295.2143860 
623.8081665 298.3542786 
661.5223999 301.3744507 
698.3491821 304.3363037 
734.2653809 307.2453918 
769.2694702 310.0315247 
803.4602661 312.8325500 
836.8478394 315.5290222 
869.3792114 318.1692505 
901.2160645 320.7653198 
932.2722778 323.2815552 
962.6181030 325.7632141 
992.2893066 328.1676331 
1021.2434692 330.5122375 
1049.6389160 332.8684082 
1077.2670898 335.1414795 
545.3641357 342.3979492 
585.0831909 344.9066162 
623.8384399 347.4075012 
661.5682373 349.7962036 
698.4039307 352.1892090 
734.3705444 354.5036316 
769.4091187 356.7845154 
803.6089478 358.9750061 
836.9918213 361.0986633 
869.5956421 363.2346191 
901.4098511 365.2999573 
932.5089722 367.2934570 
962.8460693 369.2436218 
992.5213013 371.1636353 
1021.5424805 373.0974121 
1049.8920898 374.9212952 
1077.6348877 376.7017822 
545.3348389 392.7969360 
585.0982666 394.6870422 
623.8818970 396.5126038 
661.6209106 398.3665771 
698.4858398 400.1377563 
734.4459839 401.8576660 
769.5105591 403.5130310 
803.7760010 405.1559753 
837.1514282 406.7835693 
869.7981567 408.3470459 
901.6051636 409.8514099 
932.6873779 411.3645935 
963.1317139 412.8372498 
992.7505493 414.2668762 
1021.8071899 415.7014465 
1050.1462402 417.0413208 
1077.8992920 418.3605652 
545.3416748 443.2595825 
585.1187744 444.5345764 
623.9141846 445.7352905 
661.7027588 446.9320374 
698.5556030 448.1128540 
734.5450439 449.2356873 
769.6288452 450.3447876 
803.9086304 451.4054260 
837.2742920 452.4713745 
869.9443359 453.5075378 
901.8092041 454.5163879 
932.8993530 455.4785156 
963.3236694 456.4182129 
993.0046997 457.3800964 
1022.0338135 458.2595520 
1050.3876953 459.2326965 
1078.1246338 460.0841064 
545.3382568 493.8193665 
585.1325684 494.4526062 
623.9425659 495.0176086 
661.7758179 495.6031799 
698.6182861 496.1559143 
734.6459351 496.6968384 
769.7557373 497.2140503 
804.0098877 497.7376404 
837.4230347 498.2155457 
870.1051025 498.7057190 
901.9908447 499.2012329 
933.1446533 499.6628723 
963.5074463 500.0812378 
993.2244263 500.5348511 
1022.2377319 501.0112305 
1050.7033691 501.4016418 
1078.3670654 501.7729492 
545.3364258 544.4501953 
585.1480713 544.3977051 
623.9939575 544.3518066 
661.8449707 544.2936401 
698.7021484 544.2706909 
734.7246094 544.2064209 
769.8858032 544.1585083 
804.1309204 544.0951538 
837.6306763 544.0374146 
870.2409058 543.9781494 
902.1336060 543.9298706 
933.3231812 543.8648071 
963.6785889 543.8418579 
993.4425659 543.7744751 
1022.4801636 543.7028809 
1050.9002686 543.6525879 
1078.6727295 543.5693970 
545.3414307 595.0698853 
585.1824341 594.4013672 
624.0429077 593.6955566 
661.8980713 593.0552979 
698.7713013 592.4013062 
734.8280029 591.7510986 
769.9747314 591.1338501 
804.2589722 590.5025635 
837.7777710 589.8825073 
870.4136353 589.3270874 
902.3359985 588.7124634 
933.4635010 588.1110840 
963.8697510 587.5358887 
993.6215210 586.9960938 
1022.6989746 586.4451904 
1051.0808105 585.9021606 
1078.8916016 585.4065552 
545.3516235 645.7595825 
585.2022705 644.4174805 
624.0869141 643.1216431 
661.9756470 641.8173218 
698.8666382 640.5371094 
734.9473877 639.3145142 
770.0741577 638.1070557 
804.3450928 636.8970337 
837.8758545 635.7395020 
870.5305176 634.5972290 
902.4587402 633.4691772 
933.6078491 632.3770752 
964.0718994 631.3024292 
993.7797241 630.2462158 
1022.8972168 629.2210693 
1051.2601318 628.2701416 
1079.0761719 627.2527466 
545.4103394 696.4536743 
585.2446289 694.4710693 
624.1425171 692.5476685 
662.0453491 690.6152344 
698.9625854 688.7881470 
735.0386963 686.9195557 
770.1762085 685.1452637 
804.4907227 683.3966675 
837.9890747 681.6511841 
870.6890259 679.9570312 
902.5728149 678.3088379 
933.7284546 676.7351074 
964.2465210 675.0698242 
993.9541626 673.5740356 
1023.0457153 672.0316772 
1051.4902344 670.5348511 
1079.2598877 669.1334229 
545.4451294 747.2000122 
585.3038940 744.5441895 
624.1858521 741.9622803 
662.1171265 739.4460449 
699.0608521 736.9480591 
735.1052856 734.5351562 
770.2716064 732.1777344 
804.6274414 729.8474121 
838.0842896 727.5365601 
870.7976685 725.3562622 
902.6937256 723.1402588 
933.8818970 721.0078735 
964.3773193 718.9365845 
994.1079712 716.8817139 
1023.1849976 714.8515625 
1051.6834717 712.9110718 
1079.4498291 710.9967651 
545.4673462 797.9511108 
585.3468018 794.6400146 
624.2551880 791.4415894 
662.1848755 788.2587280 
699.1564941 785.1858521 
735.1873169 782.1881104 
770.3455811 779.2442627 
804.7027588 776.3348999 
838.1875610 773.5061646 
870.8977051 770.7232056 
902.8298950 767.9976807 
934.0221558 765.3187256 
964.4888306 762.7912598 
994.2574463 760.1783447 
1023.3953857 757.7068481 
1051.8481445 755.2456665 
1079.6748047 752.8523560 
545.5227661 848.6524048 
585.4284668 844.7276001 
624.3353271 840.8570557 
662.2564697 837.0872803 
699.2266235 833.4124756 
735.2678833 829.8250122 
770.4385376 826.3087769 
804.8211670 822.8131714 
838.2867432 819.4367676 
871.0162964 816.1373291 
902.9592285 812.9010620 
934.1715698 809.7047119 
964.6173096 806.5815430 
994.4185181 803.5210571 
1023.5377808 800.5784912 
1051.9875488 797.6381836 
1079.8471680 794.7888184 
############
************
584.5993042 186.1253967 
619.8036499 191.4201660 
654.0173950 196.5248413 
687.1704712 201.5050659 
719.4255371 206.3871460 
750.8075562 211.1566772 
781.2897949 215.7411041 
810.8294067 220.1849670 
839.6362305 224.5605621 
867.7131958 228.7978058 
894.9802856 232.9824371 
921.5641479 237.0098419 
947.4308472 240.9666138 
972.6022949 244.8067474 
997.2045898 248.5355988 
1021.1149292 252.1435852 
1044.4650879 255.7028656 
584.5800171 237.0161743 
619.8305054 241.5656433 
654.0724487 245.9432831 
687.2471313 250.2593384 
719.5881348 254.4148102 
750.9393311 258.4739685 
781.4332886 262.4183350 
811.0736694 266.2389221 
839.8565674 270.0157776 
867.9335938 273.6369019 
895.1773071 277.2177429 
921.8117676 280.6730042 
947.6862793 284.0087280 
972.8633423 287.3355713 
997.4503174 290.5198669 
1021.4104614 293.6261902 
1044.7288818 296.6745911 
584.5938110 288.0532532 
619.8599243 291.8425293 
654.1306152 295.5078735 
687.3689575 299.0722046 
719.7160645 302.5446472 
751.0678101 305.9193420 
781.5419922 309.1809082 
811.2576904 312.3862000 
840.0711670 315.5064697 
868.1143188 318.5607910 
895.4595947 321.5214844 
922.0325317 324.3974609 
947.9120483 327.1640320 
973.1677246 329.9537354 
997.7008667 332.6043701 
1021.6681519 335.2026672 
1045.0240479 337.7079163 
584.6063843 339.2117310 
619.9122925 342.2124634 
654.2103882 345.1846008 
687.4763794 348.0109558 
719.8056641 350.7418213 
751.1666260 353.4778442 
781.6883545 356.0639038 
811.4069214 358.6375427 
840.2757568 361.1001892 
868.3280029 363.5531921 
895.7064819 365.9000549 
922.2261353 368.1807556 
948.1622314 370.4302368 
973.4101562 372.6004639 
998.0074463 374.7413025 
1021.9520264 376.7809448 
1045.3222656 378.7752991 
584.6062012 390.4020386 
619.9546509 392.6730347 
654.2635498 394.8795471 
687.5621338 396.9881287 
719.9086914 399.0746765 
751.3240356 401.0786438 
781.8544312 403.0416870 
811.5432129 404.9369507 
840.4420166 406.7526855 
868.5207520 408.5906982 
895.8967896 410.3185730 
922.4964600 412.0363770 
948.4142456 413.7415466 
973.6198730 415.3251038 
998.2802124 416.8873901 
1022.2485352 418.4552917 
1045.5814209 419.9410706 
584.6253662 441.7111511 
620.0063477 443.2167664 
654.3432617 444.6290588 
687.6873779 446.0407715 
719.9777832 447.3994751 
751.4585571 448.7537842 
781.9930420 450.0185547 
811.6625366 451.2784424 
840.5992432 452.4844360 
868.7195435 453.6539307 
896.0409546 454.8074341 
922.7236328 455.9262695 
948.6124878 456.9879761 
973.8449707 458.0648499 
998.4554443 459.1316528 
1022.4717407 460.1714478 
1045.8511963 461.1486206 
584.6643677 493.0436401 
620.0408936 493.7595520 
654.3970337 494.4729004 
687.7652588 495.1740112 
720.0842896 495.7896729 
751.5422974 496.4743958 
782.1617432 497.0711975 
811.7967529 497.6525269 
840.7409668 498.2499390 
868.8856201 498.7891541 
896.1982422 499.3577576 
922.8944092 499.9046021 
948.8189087 500.3854065 
974.0889282 500.9426575 
998.6497803 501.4233704 
1022.6716309 501.8375244 
1046.0679932 502.3903503 
584.6802368 544.4946289 
620.1295776 544.4387207 
654.4896240 544.3803101 
687.8466797 544.3345337 
720.1653442 544.2713013 
751.6710815 544.2103271 
782.2796631 544.1654053 
811.9859619 544.1044312 
840.9211426 544.0563965 
869.0479126 543.9645996 
896.3686523 543.9213867 
923.0411987 543.8916626 
949.0039062 543.8828125 
974.3049927 543.8093262 
998.8579712 543.7102661 
1022.8977661 543.6204224 
1046.3079834 543.6154785 
584.7322388 595.8992920 
620.1461792 595.1116943 
654.5628052 594.3182983 
687.9007568 593.5124512 
720.2728271 592.7414551 
751.7730713 592.0278931 
782.3996582 591.3104858 
812.1552734 590.5667114 
841.0314941 589.8993530 
869.1625977 589.2399292 
896.5991211 588.5557251 
923.2418823 587.9161987 
949.1712036 587.2124634 
974.4735107 586.6405640 
999.1265259 586.0775757 
1023.0966797 585.4709473 
1046.5327148 584.8917236 
584.7903442 647.4083862 
620.2291870 645.7923584 
654.6402588 644.2883301 
687.9895630 642.7715454 
720.4193115 641.2853394 
751.8891602 639.8679199 
782.4937744 638.4301758 
812.2678223 637.1156616 
841.1553955 635.7424927 
869.2991333 634.4610596 
896.7603760 633.1940308 
923.3753662 631.9705811 
949.3618164 630.7515259 
974.5949097 629.6175537 
999.3139038 628.4337769 
1023.3375244 627.3309326 
1046.7365723 626.2188110 
584.8556519 698.9381714 
620.2878418 696.5606079 
654.7302246 694.2685547 
688.0700684 692.0188599 
720.4920044 689.8690186 
751.9883423 687.7103882 
782.5833130 685.6574707 
812.3722534 683.6027222 
841.3203735 681.6220703 
869.4711304 679.7369995 
896.8945923 677.8549194 
923.5333862 676.0110474 
949.5057373 674.2106934 
974.7749634 672.5128174 
999.4858398 670.7889404 
1023.4910278 669.1940308 
1046.9133301 667.5298462 
584.9257812 750.4548950 
620.3378296 747.3157959 
654.7903442 744.2574463 
688.1285400 741.3041382 
720.5922241 738.3818970 
752.0888672 735.5916748 
782.6875000 732.8250732 
812.4840088 730.1823730 
841.4208374 727.5425415 
869.5966797 725.0075684 
897.0119019 722.5274658 
923.7164307 720.1182251 
949.6547241 717.7903442 
974.9676514 715.4260864 
999.6025391 713.2509766 
1023.6343384 711.0347900 
1047.0690918 708.9486694 
584.9732056 801.9748535 
620.4310303 798.1045532 
654.8486938 794.2830200 
688.1943970 790.6018677 
720.6435547 786.9860229 
752.2077637 783.4839478 
782.7858276 780.0828247 
812.5558472 776.6913452 
841.5427856 773.5022583 
869.7377319 770.3480835 
897.1116333 767.2166138 
923.8217163 764.1770020 
949.7858887 761.2795410 
975.1365967 758.4169922 
999.7355347 755.6409302 
1023.8187256 752.8963623 
1047.2390137 750.3242188 
585.0407715 853.5561523 
620.4910889 848.8480835 
654.9177856 844.2971191 
688.3033447 839.9232788 
720.7357178 835.5784912 
752.2932129 831.4044189 
782.8861694 827.3023071 
812.6629028 823.3232422 
841.6255493 819.4537354 
869.8432617 815.6422119 
897.2072144 811.9711914 
923.9426270 808.3365479 
949.9434204 804.8580933 
975.3050537 801.4083252 
999.9249268 798.0844116 
1023.9636230 794.8280640 
1047.4371338 791.6510010 
############
************
494.4905396 243.0951538 
532.6589966 240.9181976 
571.4433594 238.6761017 
610.8235474 236.4270935 
650.7395630 234.1719666 
691.2447510 231.8353577 
732.4370117 229.5411377 
774.1390991 227.1800690 
816.5355225 224.8225403 
859.5136719 222.4325562 
903.1677246 220.0278473 
947.4655151 217.5680237 
992.3835449 215.0856628 
1038.0126953 212.5948334 
1084.2708740 210.0118256 
1131.3540039 207.4067535 
1179.1188965 204.7901154 
494.3624573 285.9720154 
532.5805664 284.0685730 
571.3964844 282.1544495 
610.7295532 280.2542725 
650.7249146 278.3136902 
691.2584229 276.3158875 
732.4536133 274.3390198 
774.2147217 272.3151855 
816.6343384 270.2634583 
859.6546631 268.2065125 
903.3472900 266.1343689 
947.6333618 264.0749817 
992.6369019 261.9288025 
1038.2565918 259.7574158 
1084.6394043 257.5563049 
1131.6820068 255.3396149 
1179.4619141 253.0485077 
494.2472839 328.9042664 
532.4630737 327.3453979 
571.3120728 325.7282104 
610.6892090 324.1576233 
650.7049561 322.5093994 
691.2543945 320.8344727 
732.4923096 319.1897278 
774.3099365 317.5144653 
816.7412720 315.8220520 
859.7889404 314.0887146 
903.5142212 312.3317261 
947.8483276 310.6122437 
992.8679810 308.8233032 
1038.5589600 307.0222473 
1084.9224854 305.1773071 
1132.0158691 303.3246155 
1179.7628174 301.4454651 
494.1333618 371.8970642 
532.3980103 370.6072693 
571.2475586 369.3775635 
610.6270142 368.1050110 
650.6630249 366.7475586 
691.2606812 365.4393921 
732.5273438 364.1422729 
774.3617554 362.7566223 
816.8353882 361.4057922 
859.9266968 360.0430603 
903.6480713 358.6492920 
948.0552368 357.2297974 
993.0949707 355.8373718 
1038.8139648 354.3121338 
1085.1774902 352.8959045 
1132.3032227 351.3923645 
1180.1236572 349.8845215 
493.9967346 414.9206848 
532.3259888 413.9947510 
571.1785889 413.0367126 
610.5872803 412.0855103 
650.6837158 411.1241760 
691.2667236 410.1532593 
732.5676880 409.1467285 
774.4284668 408.1303101 
816.9329834 407.0774841 
860.0617676 406.0415039 
903.7927246 405.0001526 
948.2138062 403.9269104 
993.2843018 402.8749084 
1039.0249023 401.7909851 
1085.4339600 400.6446838 
1132.5933838 399.5159912 
1180.4619141 398.3697815 
493.8540955 458.0087280 
532.2280273 457.4223328 
571.0859375 456.7787781 
610.5548096 456.1654663 
650.6469116 455.5088806 
691.2752686 454.8120728 
732.5795288 454.1854858 
774.4686279 453.4963074 
817.0037231 452.8002014 
860.1625366 452.1004639 
903.9291382 451.4011536 
948.3912964 450.7262573 
993.4685669 449.9498291 
1039.2164307 449.1920776 
1085.7092285 448.4438171 
1132.8724365 447.7406921 
1180.7441406 446.9281616 
493.7736206 501.1652527 
532.1631470 500.8721313 
571.0144043 500.5543518 
610.5206299 500.2381897 
650.5974731 499.9038391 
691.2725220 499.5880127 
732.6196899 499.2967834 
774.5227051 498.9056091 
817.0623779 498.5934753 
860.2830200 498.2470398 
904.0711060 497.8643494 
948.5258179 497.4770813 
993.6078491 497.1137085 
1039.4226074 496.7462158 
1085.9371338 496.3414612 
1133.0963135 495.9652405 
1181.0266113 495.5645142 
493.6919556 544.3231812 
532.0955200 544.3440552 
570.9602661 544.3743896 
610.5015259 544.4221802 
650.5803223 544.4219971 
691.2854614 544.4047852 
732.6634521 544.4190674 
774.5607910 544.4320068 
817.1296997 544.4016113 
860.3502808 544.3977051 
904.1927490 544.3814087 
948.6283569 544.3445435 
993.7954712 544.3275146 
1039.6320801 544.2984009 
1086.1267090 544.2467651 
1133.3453369 544.2360229 
1181.2871094 544.2280884 
493.6280212 587.5368652 
531.9771118 587.8902588 
570.9282837 588.2364502 
610.4590454 588.5715942 
650.5815430 588.9246826 
691.2914429 589.2581177 
732.6734619 589.5820312 
774.6097412 589.9401245 
817.1700439 590.2680664 
860.4067383 590.5875244 
904.2835693 590.9191284 
948.7345581 591.2780762 
993.9393311 591.6301270 
1039.8018799 591.9599609 
1086.2890625 592.2412720 
1133.5543213 592.5958252 
1181.5509033 592.9486084 
493.5455322 630.8009644 
531.9154663 631.4532471 
570.8739014 632.1350708 
610.4418335 632.7906494 
650.5574341 633.4538574 
691.2971191 634.1391602 
732.6893921 634.7771606 
774.6298218 635.4799194 
817.2324829 636.1357422 
860.4549561 636.8287354 
904.3518677 637.5214844 
948.8773193 638.1924438 
994.0295410 638.8591309 
1039.9243164 639.6253662 
1086.4655762 640.2635498 
1133.7998047 640.9884644 
1181.7781982 641.7077026 
493.4998169 674.0462646 
531.8607788 675.0541992 
570.8216553 676.0184937 
610.4299316 677.0321045 
650.5478516 678.0148315 
691.2920532 679.0202026 
732.6985474 680.0274658 
774.6476440 681.0490723 
817.2895508 682.0615845 
860.5139160 683.0811768 
904.4194336 684.1370850 
948.9270020 685.1410522 
994.1720581 686.2018433 
1040.0592041 687.2315674 
1086.6733398 688.2884521 
1133.9633789 689.4248657 
1181.9914551 690.5122681 
493.4472351 717.3305664 
531.8337402 718.6430054 
570.7952881 719.9450073 
610.3939819 721.2764893 
650.5510254 722.6134033 
691.2928467 723.9219971 
732.7272949 725.2825928 
774.6761475 726.6295776 
817.3058472 727.9805298 
860.5482788 729.3666382 
904.4639282 730.7390137 
949.0570679 732.1276245 
994.2407837 733.5770874 
1040.1752930 734.9455566 
1086.8000488 736.4121704 
1134.1143799 737.8889160 
1182.2084961 739.3701172 
493.3885498 760.6370850 
531.7809448 762.2469482 
570.7819214 763.8930054 
610.3583984 765.5400391 
650.5289917 767.1989136 
691.3242188 768.8594360 
732.7145386 770.5229492 
774.6998901 772.2310181 
817.3622437 773.9147949 
860.5940552 775.6483154 
904.5377808 777.4014282 
949.1387939 779.1447144 
994.3670654 780.9085693 
1040.2772217 782.6994629 
1086.9542236 784.5204468 
1134.2633057 786.3667603 
1182.4174805 788.2493286 
493.3505554 803.9264526 
531.7697144 805.8867798 
570.7449951 807.8209229 
610.3635254 809.8246460 
650.5239868 811.7749023 
691.3060303 813.7829590 
732.7334595 815.7852173 
774.7131348 817.8215942 
817.3851929 819.8936768 
860.6276855 821.9539185 
904.5649414 824.0394897 
949.1925049 826.1447144 
994.4219360 828.2731323 
1040.4218750 830.4106445 
1087.0765381 832.6691895 
1134.4490967 834.8530273 
1182.6269531 837.1188965 
############
************
563.8488770 255.4938965 
592.0312500 252.0269318 
620.8961792 248.4884949 
650.4230957 244.8847046 
680.7648926 241.1474152 
711.8045654 237.3866577 
743.6103516 233.5147095 
776.3041382 229.5231781 
809.7671509 225.5072021 
844.1373291 221.3126221 
879.3897095 217.0530853 
915.6571045 212.6472626 
952.7979126 208.1670837 
991.0574951 203.5699463 
1030.2949219 198.7819366 
1070.7192383 193.9006042 
1112.2241211 188.9243774 
563.7530518 296.6177063 
591.9683228 293.6817322 
620.8359375 290.6224060 
650.3748779 287.5621948 
680.7523193 284.3533325 
711.8205566 281.1145325 
743.6525879 277.8041687 
776.3607788 274.4142456 
809.8554077 270.8981934 
844.2331543 267.3555298 
879.5846558 263.6817932 
915.8425293 259.9748230 
953.0581665 256.0939331 
991.2774048 252.0912628 
1030.5782471 248.0516815 
1071.0070801 243.8431854 
1112.5512695 239.5562592 
563.6917114 337.8822327 
591.8707886 335.4271851 
620.7793579 332.8805237 
650.3358765 330.2939758 
680.7134399 327.6607056 
711.8120117 325.0035400 
743.6727295 322.1915588 
776.3952026 319.3586121 
809.9511108 316.4371033 
844.3523560 313.4629211 
879.7155151 310.4192200 
915.9907227 307.2645264 
953.2716675 304.0568542 
991.5061035 300.8081665 
1030.8731689 297.3601379 
1071.2935791 293.8876343 
1112.8334961 290.3228149 
563.5999146 379.2055664 
591.7980347 377.2098999 
620.7274170 375.1976624 
650.2794800 373.1234741 
680.6792603 370.9976501 
711.7780151 368.8770752 
743.7055054 366.6331482 
776.4482422 364.3705750 
810.0108032 362.0324707 
844.4468994 359.6492310 
879.8528442 357.1776123 
916.1461792 354.7426758 
953.4309692 352.1313782 
991.7235718 349.4846802 
1031.0690918 346.7728577 
1071.5418701 343.9912720 
1113.2036133 341.1459961 
563.5393066 420.4960327 
591.7259521 419.0378418 
620.6719971 417.5327148 
650.2590942 415.9922485 
680.6844482 414.3916931 
711.7952271 412.8294373 
743.7135620 411.1124268 
776.4687500 409.4584045 
810.0401001 407.6893921 
844.5567627 405.8919678 
879.9585571 404.0948181 
916.2891846 402.1919250 
953.5875854 400.2685242 
991.9071655 398.3083496 
1031.2882080 396.2590332 
1071.8142090 394.1794739 
1113.4566650 392.0209961 
563.4621582 461.8630066 
591.6536255 460.9372864 
620.6072388 459.9020691 
650.2465820 458.9016113 
680.6581421 457.8766479 
711.8052368 456.8418579 
743.7169189 455.6835632 
776.5057373 454.5660706 
810.1224365 453.4408875 
844.6572876 452.2355957 
880.0460205 451.0014343 
916.4063721 449.7766418 
953.6987305 448.4543457 
992.0778809 447.1403809 
1031.5051270 445.7695312 
1072.0234375 444.4180908 
1113.6832275 442.9606934 
563.3977051 503.3545227 
591.6122437 502.8176880 
620.5672607 502.4244080 
650.2082520 501.8747253 
680.6372681 501.3706360 
711.7937012 500.8776245 
743.7371826 500.3287659 
776.5379639 499.7469482 
810.1687622 499.2231140 
844.7261963 498.5948486 
880.1188965 497.9888916 
916.5253296 497.3635864 
953.8229370 496.7681885 
992.2392578 496.0873718 
1031.7160645 495.4149170 
1072.2044678 494.7091370 
1113.9399414 493.9888000 
563.3404541 544.7756348 
591.5664062 544.7958374 
620.5250854 544.8225708 
650.1909790 544.8792725 
680.6286621 544.9166870 
711.8153076 544.9782715 
743.7539062 544.9573364 
776.5510254 545.0174561 
810.2068481 545.0161743 
844.8074951 545.0056152 
880.1876831 545.0507812 
916.5859375 545.0701294 
953.9837036 545.0571899 
992.3958740 545.0755615 
1031.8737793 545.0928955 
1072.4338379 545.0931396 
1114.1614990 545.1184082 
563.2852173 586.3198853 
591.5105591 586.7933350 
620.5074463 587.4047241 
650.1646729 587.9364624 
680.6027832 588.4898071 
711.7988281 589.0739136 
743.7572632 589.6431274 
776.5767822 590.2526245 
810.2697754 590.8581543 
844.8171387 591.4636841 
880.2407227 592.1162720 
916.6802368 592.7747803 
954.1254883 593.4027710 
992.5109253 594.1258545 
1032.0068359 594.7962036 
1072.5915527 595.4829102 
1114.3402100 596.2244873 
563.2241821 627.7690430 
591.4721069 628.8020020 
620.4677124 629.8981323 
650.1339111 630.9866943 
680.5846558 632.0862427 
711.8010254 633.2192383 
743.7572632 634.3722534 
776.5855103 635.5266113 
810.2998657 636.7431641 
844.8766479 637.9720459 
880.2892456 639.2290039 
916.7597656 640.5109253 
954.1970825 641.8123169 
992.5921021 643.1595459 
1032.1053467 644.5223999 
1072.7753906 645.9678955 
1114.5256348 647.4130249 
563.2050171 669.3733521 
591.4605103 670.8674316 
620.4490967 672.4902344 
650.1186523 674.0704956 
680.5434570 675.7162476 
711.7951050 677.3962402 
743.7540894 679.0828247 
776.6047974 680.8727417 
810.3158569 682.6523438 
844.9091187 684.4861450 
880.3763428 686.3557129 
916.8388062 688.2697754 
954.2787476 690.2332153 
992.6868286 692.2716064 
1032.2148438 694.3380127 
1072.9296875 696.4680786 
1114.6881104 698.6182861 
563.1422119 710.8872070 
591.4223633 712.9506226 
620.4186401 715.0358887 
650.0921021 717.1803589 
680.5210571 719.3406372 
711.7812500 721.5975342 
743.7432861 723.9266968 
776.6164551 726.1549072 
810.3330688 728.5952759 
844.9410400 731.0303955 
880.3973999 733.5119019 
916.8905029 736.0583496 
954.3358765 738.7143555 
992.7706909 741.4015503 
1032.3096924 744.1647949 
1073.0069580 746.9832153 
1114.8238525 749.9140015 
563.0896606 752.4951782 
591.3939819 755.0215454 
620.3751831 757.6124268 
650.0496826 760.2849731 
680.5375977 763.0254517 
711.8048706 765.8015137 
743.7545776 768.6237183 
776.6079102 771.5388794 
810.3649292 774.4824219 
844.9365845 777.5708008 
880.4517822 780.6692505 
916.9163818 783.8911743 
954.3897095 787.1453857 
992.8782349 790.5070801 
1032.4652100 793.9938965 
1073.1220703 797.5272217 
1114.9770508 801.1918945 
563.0140991 794.0563965 
591.3374023 797.1476440 
620.3521118 800.2230835 
650.0529175 803.3877563 
680.5056152 806.6741333 
711.7399292 809.9730835 
743.7634888 813.3787231 
776.6442261 816.9217529 
810.3540649 820.4453125 
844.9450684 824.1063843 
880.4455566 827.8663940 
916.9694824 831.7124023 
954.4468384 835.6207886 
992.8867188 839.6676025 
1032.5571289 843.8295288 
1073.2194824 848.1060181 
1115.1296387 852.4519043 
############
************
486.1718140 241.2641296 
525.0120850 239.1650543 
564.4685059 237.0175476 
604.5039062 234.7990265 
645.0469971 232.6669464 
686.2015381 230.4501953 
727.9880981 228.2329254 
770.3187866 225.9847260 
813.2874756 223.7447815 
856.7991333 221.4109344 
900.9812012 219.1145630 
945.7999878 216.8019257 
991.1814575 214.3966370 
1037.2740479 212.0165863 
1084.0108643 209.5851746 
1131.4691162 207.1601105 
1179.5876465 204.6098022 
486.0105286 284.4995422 
524.9404907 282.6451721 
564.3916626 280.8122559 
604.4128418 278.9737854 
645.0372925 277.1135254 
686.1965942 275.1858826 
728.0142212 273.3009949 
770.3963013 271.3646851 
813.3762817 269.4021912 
856.9509277 267.4373474 
901.1525269 265.4642944 
945.9815063 263.5208435 
991.4548340 261.4526062 
1037.5622559 259.3770447 
1084.3520508 257.3061218 
1131.7741699 255.2184601 
1179.9276123 253.0666046 
485.8867188 327.7623596 
524.8167725 326.2633362 
564.2822876 324.7333069 
604.3244629 323.1825867 
644.9917603 321.6186523 
686.2142944 320.0401306 
728.0291748 318.4515076 
770.4457397 316.8446045 
813.4880981 315.1923523 
857.1038818 313.5896301 
901.3167725 311.9482117 
946.1533813 310.2165833 
991.7013550 308.5350342 
1037.8511963 306.8274841 
1084.6203613 305.1166382 
1132.1484375 303.3381042 
1180.3168945 301.5350647 
485.7146912 371.1076355 
524.6798096 369.8793945 
564.2102661 368.6663818 
604.2872925 367.4615784 
644.9591064 366.2198792 
686.2122192 364.9483948 
728.0788574 363.6715393 
770.5036011 362.3699036 
813.5493164 361.0837708 
857.2195435 359.8058777 
901.4736938 358.4219360 
946.3237915 357.1051636 
991.9103394 355.7529907 
1038.0562744 354.3584290 
1084.8923340 352.9728394 
1132.4357910 351.5358887 
1180.6212158 350.1313477 
485.6204834 414.4788513 
524.6140137 413.5964355 
564.1392212 412.6711426 
604.2337036 411.7631531 
644.9618530 410.8323975 
686.1943970 409.8948364 
728.0741577 408.9341125 
770.5478516 407.9851379 
813.6225586 407.0196838 
857.3363647 406.0126038 
901.6128540 405.0261841 
946.5460815 404.0090027 
992.0828247 402.9875488 
1038.2764893 401.9583435 
1085.1715088 400.8826599 
1132.6938477 399.8280029 
1180.9366455 398.7376099 
485.5266113 457.9293213 
524.5429688 457.3341370 
564.0846558 456.7353210 
604.2044067 456.1642151 
644.9382324 455.5349121 
686.1816406 454.9179077 
728.0878906 454.2540894 
770.5650635 453.6444702 
813.6795654 452.9958191 
857.4157104 452.3182373 
901.7484741 451.6863708 
946.7016602 450.9735718 
992.2333984 450.2789612 
1038.5031738 449.5855713 
1085.3966064 448.8960876 
1132.9448242 448.2066040 
1181.2609863 447.4507751 
485.4276428 501.4058838 
524.4552002 501.1125488 
564.0185547 500.8511353 
604.1532593 500.5716553 
644.9223633 500.2740784 
686.1909180 499.9669189 
728.1323853 499.6611023 
770.6329346 499.3307800 
813.7264404 499.0117798 
857.4932251 498.7177124 
901.8385010 498.3376770 
946.8378296 497.9992065 
992.4220581 497.6822815 
1038.6876221 497.3207703 
1085.6132812 496.9674072 
1133.2246094 496.5723877 
1181.5363770 496.2351990 
485.3325806 544.9558716 
524.3905029 544.9794922 
563.9599609 545.0052490 
604.1351318 545.0250854 
644.8864746 545.0777588 
686.2103271 545.0752563 
728.1311035 545.0695190 
770.6546021 545.0945435 
813.8052368 545.0940552 
857.5656738 545.0993652 
901.9541626 545.0991821 
946.9373779 545.0928955 
992.6056519 545.0679932 
1038.8908691 545.0664673 
1085.8276367 545.0411377 
1133.4635010 545.0325928 
1181.7615967 545.0223999 
485.2663269 588.5051880 
524.3277588 588.8728638 
563.9151001 589.1659546 
604.0903320 589.5300903 
644.8733521 589.8576660 
686.2130127 590.2188721 
728.1571045 590.5357666 
770.7024536 590.8764038 
813.8378906 591.1854248 
857.6134644 591.5399780 
902.0339966 591.8710327 
947.0474243 592.2067871 
992.7450562 592.5429688 
1039.0183105 592.8784790 
1085.9998779 593.1908569 
1133.6695557 593.5318604 
1182.0360107 593.8535156 
485.1866150 632.0830688 
524.2575073 632.7229004 
563.8684082 633.4124756 
604.0649414 634.0653076 
644.8571167 634.6877441 
686.2016602 635.3725586 
728.1784668 636.0323486 
770.7021484 636.6619263 
813.8934937 637.3575439 
857.6936646 638.0105591 
902.1073608 638.6921387 
947.1404419 639.3456421 
992.8508301 640.0314941 
1039.1452637 640.6932983 
1086.1396484 641.3864746 
1133.8697510 642.0802002 
1182.2874756 642.7515869 
485.1373596 675.7280884 
524.1773071 676.6556396 
563.8502808 677.6494751 
604.0412598 678.6069946 
644.8451538 679.5715332 
686.1940918 680.5820923 
728.1708374 681.5606689 
770.7445068 682.5503540 
813.9360962 683.5092773 
857.7115479 684.5213623 
902.1748657 685.5244751 
947.2148438 686.5338745 
992.9381104 687.5574951 
1039.2390137 688.5507812 
1086.3138428 689.5984497 
1134.0626221 690.6350098 
1182.4798584 691.7193604 
485.0565491 719.3237305 
524.1353149 720.5988159 
563.7786865 721.8530273 
603.9950562 723.1731567 
644.8215942 724.4456177 
686.1885986 725.7683105 
728.1948242 727.0592651 
770.7630615 728.3986206 
813.9671631 729.7108154 
857.7690430 731.0204468 
902.2373047 732.3554077 
947.3135986 733.7344360 
993.0252686 735.0834351 
1039.4193115 736.4572754 
1086.4739990 737.8561401 
1134.2391357 739.2764893 
1182.6606445 740.6787720 
484.9847412 762.9623413 
524.1035156 764.5471802 
563.7655640 766.1345825 
603.9967041 767.7549438 
644.8119507 769.3524780 
686.1706543 770.9626465 
728.1807251 772.6171265 
770.7623291 774.2574463 
813.9933472 775.9049072 
857.7990112 777.5811768 
902.3226318 779.2468872 
947.3762817 780.9459839 
993.0933838 782.6542969 
1039.4970703 784.3479004 
1086.6282959 786.1223755 
1134.3909912 787.9043579 
1182.8555908 789.7100220 
484.9012451 806.6107178 
524.0430298 808.5064087 
563.7003174 810.4151001 
603.9655762 812.3276367 
644.7917480 814.2687378 
686.1898804 816.2147827 
728.1643677 818.1346436 
770.7799072 820.1350098 
814.0493774 822.0908813 
857.8622437 824.1074829 
902.3381348 826.1357422 
947.4288330 828.1835327 
993.1879883 830.2285156 
1039.6359863 832.2973633 
1086.7598877 834.4180298 
1134.5366211 836.5576782 
1183.0679932 838.7235718 
############
************
275.9772339 221.3903351 
322.2451477 221.4226990 
368.5580750 221.4040680 
414.8383789 221.4499207 
461.0551147 221.4600372 
507.2530518 221.5268402 
553.4672241 221.5809326 
599.6329956 221.6479340 
645.7388916 221.7319489 
691.7889404 221.8477020 
737.7806396 221.9528656 
783.7050171 222.0495605 
829.5450439 222.1759796 
875.3005371 222.3488007 
921.0049438 222.4963379 
966.6047974 222.6641541 
1012.1267090 222.8597412 
275.8227844 267.4435425 
322.1190186 267.4599609 
368.4404602 267.4474182 
414.7278748 267.4733582 
460.9849854 267.5000610 
507.2012939 267.5149841 
553.4577637 267.5514526 
599.6594238 267.6025696 
645.7860107 267.6740723 
691.8674927 267.7239380 
737.9199829 267.8193970 
783.8829346 267.9309082 
829.7708740 267.9943237 
875.5425415 268.0999756 
921.2875977 268.1999512 
966.9368286 268.3648987 
1012.4409790 268.4718323 
275.6311035 313.6057434 
321.9682312 313.5793457 
368.3061523 313.5966797 
414.6357422 313.5666809 
460.9428101 313.5949707 
507.1798096 313.6032104 
553.4558716 313.6067505 
599.7100830 313.6597595 
645.8796387 313.6923218 
691.9919434 313.7148743 
738.0147705 313.7564087 
784.0200195 313.8397522 
829.9672241 313.8899231 
875.8245239 313.9612732 
921.5628662 314.0350647 
967.2205200 314.1025085 
1012.8026123 314.2078247 
275.4956665 359.8204346 
321.8712769 359.7988586 
368.2129517 359.8097534 
414.5614624 359.7868652 
460.8933716 359.7484131 
507.1734314 359.7644958 
553.4802246 359.7627563 
599.7391968 359.7351685 
645.9318848 359.7449341 
692.0566406 359.7781067 
738.1597900 359.8001404 
784.2073364 359.8078613 
830.1576538 359.8465576 
876.0263672 359.8662109 
921.8217163 359.9031982 
967.5136719 359.9591675 
1013.1115112 360.0172729 
275.3261414 406.0762939 
321.7615051 406.0578003 
368.1093445 406.0191040 
414.4891968 405.9870300 
460.8646851 405.9733887 
507.1725769 405.9414062 
553.4982910 405.9051819 
599.7843628 405.8967896 
645.9962769 405.8687134 
692.1763916 405.8484497 
738.3068848 405.8905945 
784.3499146 405.8562927 
830.3470459 405.8533325 
876.2337646 405.8384399 
922.0562744 405.8285828 
967.8155518 405.8515930 
1013.4260254 405.8363037 
275.1793213 452.4075012 
321.6496277 452.3508911 
368.0546265 452.3224792 
414.4537659 452.2468872 
460.8264160 452.2234192 
507.1654053 452.1814270 
553.5298462 452.1370544 
599.8192749 452.0785217 
646.0963135 452.0408325 
692.2651367 452.0067139 
738.4169922 451.9555359 
784.5191650 451.9218750 
830.5459595 451.8839417 
876.4508057 451.8646851 
922.2890625 451.8107300 
968.0661621 451.7888794 
1013.6928711 451.7531433 
275.1077271 498.7854614 
321.5466919 498.7443848 
367.9933777 498.7011108 
414.4147644 498.6325073 
460.8260498 498.5412598 
507.1606445 498.4882812 
553.5827026 498.4041443 
599.8862305 498.3652039 
646.1392212 498.2657471 
692.3618164 498.2000732 
738.5850220 498.1283264 
784.6940918 498.0834351 
830.7235718 498.0224609 
876.6646729 497.9411316 
922.5170898 497.8570557 
968.2962036 497.7885132 
1013.9781494 497.6972961 
275.0091553 545.2037964 
321.5029602 545.1614380 
367.9837341 545.0589600 
414.3683167 545.0149536 
460.8258972 544.9271851 
507.2026062 544.8353271 
553.6177979 544.7899170 
599.9552002 544.7080688 
646.2180176 544.5859985 
692.5225220 544.4606323 
738.7062988 544.3707886 
784.8353271 544.2664185 
830.8769531 544.1597290 
876.8551025 544.0512085 
922.7294312 543.9375610 
968.5095825 543.8297119 
1014.2351074 543.7041016 
274.9448547 591.6572876 
321.4459839 591.5760498 
367.9469299 591.5100708 
414.3565979 591.4202881 
460.8307800 591.3290405 
507.2251892 591.2243042 
553.6597900 591.1173096 
600.0241089 591.0180664 
646.3093262 590.9237671 
692.6144409 590.7841797 
738.8391724 590.6667480 
784.9697876 590.5248413 
831.0255127 590.3605347 
877.0478516 590.1781616 
922.9458618 590.0547485 
968.7711792 589.9022217 
1014.4647827 589.7462769 
274.8785706 638.1371460 
321.3849487 638.0483398 
367.8883057 637.9729004 
414.3659058 637.8742065 
460.8435364 637.7843628 
507.2596436 637.6655273 
553.7242432 637.5176392 
600.0682373 637.3608398 
646.4232788 637.2384644 
692.7127075 637.0809937 
738.9209595 636.9221802 
785.0860596 636.7645264 
831.1621094 636.5626831 
877.1801758 636.3884888 
923.0953369 636.2049561 
968.9756470 635.9772949 
1014.6965942 635.7721558 
274.8600464 684.6482544 
321.3442993 684.5495605 
367.8949890 684.4523926 
414.3782654 684.3306885 
460.8678894 684.2233887 
507.3070679 684.0720215 
553.7698975 683.9649658 
600.1303101 683.8005371 
646.4910278 683.6189575 
692.8159180 683.4352417 
739.0600586 683.2421875 
785.2040405 683.0260010 
831.2944946 682.8433228 
877.3431396 682.6027222 
923.2681274 682.4057617 
969.1463623 682.1243286 
1014.8998413 681.8775635 
274.8155212 731.1945190 
321.3707275 731.0653687 
367.9206238 730.9489136 
414.4006958 730.8556519 
460.9034729 730.7001953 
507.3471069 730.5427246 
553.8386841 730.3682861 
600.2293701 730.1594849 
646.5952759 729.9805908 
692.8894043 729.7770996 
739.1580200 729.5611572 
785.3401489 729.3303833 
831.4832153 729.0729980 
877.4829102 728.8110962 
923.4411011 728.5648193 
969.3415527 728.2954102 
1015.0946655 727.9803467 
274.7980957 777.7443237 
321.3635864 777.5988159 
367.9392395 777.4750366 
414.4596252 777.3024292 
460.9360352 777.1662598 
507.4534912 776.9979248 
553.8806763 776.8250122 
600.3019409 776.5819092 
646.6945801 776.3847046 
692.9906616 776.1357422 
739.2615356 775.9071655 
785.4757690 775.6286621 
831.5874023 775.3454590 
877.6408081 775.0440674 
923.6383667 774.7858276 
969.4951172 774.4429932 
1015.2809448 774.1231689 
274.7652588 824.3416138 
321.3712158 824.1687012 
367.9585571 824.0173340 
414.4862366 823.8421021 
461.0030212 823.6560059 
507.5044556 823.4712524 
553.9603882 823.2666626 
600.4286499 823.0202637 
646.7844849 822.7706299 
693.1001587 822.5130615 
739.3659668 822.2602539 
785.5677490 821.9655151 
831.7446289 821.6248169 
877.8105469 821.2952271 
923.7917480 820.9859009 
969.6558228 820.6137085 
1015.4709473 820.2422485 
############
************
371.0921936 249.4270630 
400.7749939 246.1441498 
431.1172791 242.8060608 
462.1313171 239.3863373 
493.8549805 235.9104004 
526.3886719 232.3214417 
559.6296997 228.6730957 
593.6899414 224.9483032 
628.5587769 221.1326141 
664.2236938 217.2231140 
700.7772217 213.2560120 
738.3012695 209.1710510 
776.6696167 205.0518799 
816.0031738 200.7720490 
856.3294678 196.4063568 
897.6783447 191.9802856 
940.1180420 187.3847809 
370.9700317 291.5777588 
400.6804199 288.7466125 
431.0099487 285.9041748 
462.0363770 282.9398193 
493.7861328 279.9423523 
526.3496704 276.8577881 
559.6004028 273.7216797 
593.6716919 270.5291748 
628.5662842 267.3039551 
664.2714844 263.9555969 
700.8599854 260.5629883 
738.3936157 257.0833130 
776.8314209 253.4869232 
816.1508179 249.7821503 
856.5588989 246.0630035 
897.9583130 242.2677917 
940.4292603 238.3275909 
370.8500061 333.7294617 
400.5513916 331.4030762 
430.9277039 329.0212708 
461.9766235 326.5700684 
493.7218018 324.0939941 
526.3083496 321.5270081 
559.5615234 318.9089050 
593.6879883 316.2723083 
628.6021729 313.5354004 
664.3492432 310.7347412 
700.9598999 307.8781128 
738.5028687 304.9863892 
776.9558716 301.9823303 
816.3513184 298.9685974 
856.7990112 295.8020325 
898.2267456 292.6206970 
940.6454468 289.3475952 
370.7420654 376.0069885 
400.3845825 374.1246033 
430.8465271 372.2117615 
461.9018250 370.2314758 
493.6659546 368.2631531 
526.2708130 366.2300720 
559.5614624 364.1664124 
593.6904907 362.0110779 
628.6110229 359.8500366 
664.3796997 357.6354980 
701.0573120 355.2963257 
738.5947266 353.0245361 
777.0946655 350.5922241 
816.5487061 348.1600037 
856.9934082 345.6499634 
898.4447632 343.1068726 
940.9598389 340.4768982 
370.5950928 418.2904663 
400.2929993 416.9140015 
430.7650146 415.4293213 
461.8215942 413.9978333 
493.6354065 412.5210571 
526.2694702 411.0213623 
559.5568848 409.4297180 
593.7142334 407.8346863 
628.6741333 406.2105408 
664.4303589 404.5325928 
701.1684570 402.8539124 
738.6751099 401.0849915 
777.1976929 399.2823486 
816.7442627 397.4726257 
857.1741333 395.5350647 
898.6638794 393.6239014 
941.2380371 391.6920166 
370.5063171 460.5896912 
400.2359314 459.7008972 
430.6859741 458.7763977 
461.7608643 457.8047180 
493.5969238 456.8526001 
526.2175903 455.7813110 
559.5524292 454.7486877 
593.7271729 453.7009277 
628.7272339 452.6005249 
664.5214844 451.5171814 
701.2338867 450.3799438 
738.7783203 449.1850891 
777.3336792 448.0264587 
816.8694458 446.7692261 
857.3516235 445.5338745 
898.8752441 444.2733459 
941.4726562 442.9381714 
370.4245911 502.9757385 
400.1643982 502.5643921 
430.5969238 502.0985413 
461.7138977 501.6731873 
493.5690002 501.1387024 
526.2077026 500.6712952 
559.5615845 500.1860657 
593.7601318 499.6333313 
628.7487183 499.1198120 
664.5780640 498.5812988 
701.3174438 497.9913330 
738.8792725 497.4353638 
777.4777832 496.8475952 
816.9881592 496.2340393 
857.5194702 495.5806580 
899.0672607 494.9474182 
941.6671143 494.2691345 
370.3532104 545.4425659 
400.1168213 545.4291382 
430.5616760 545.4399414 
461.6935425 545.5133667 
493.5633240 545.5718384 
526.2279663 545.5640869 
559.5698853 545.5795288 
593.7726440 545.6041870 
628.7980347 545.6185913 
664.6325684 545.6371460 
701.3806152 545.6632080 
738.9763794 545.6875610 
777.5574341 545.6661987 
817.1232910 545.6706543 
857.6833496 545.6628418 
899.2628784 545.6606445 
941.8924561 545.6334839 
370.3013916 587.8535156 
400.0805969 588.3468628 
430.5241699 588.9215088 
461.6510315 589.4041138 
493.5561829 589.9907837 
526.2226562 590.5217285 
559.5853271 591.0859985 
593.7927246 591.6058350 
628.8258667 592.1720581 
664.6831055 592.7416992 
701.4518433 593.3245239 
739.1047974 593.9691772 
777.6919556 594.5395508 
817.2484131 595.1997070 
857.8564453 595.7915649 
899.4368286 596.4444580 
942.0767212 597.1020508 
370.2444153 630.3359985 
400.0468445 631.3336792 
430.5404968 632.3314819 
461.6561584 633.3052368 
493.5667114 634.3653564 
526.2263184 635.4669800 
559.5889893 636.5213013 
593.8222656 637.6308594 
628.8732910 638.7495117 
664.7485352 639.9248047 
701.5193481 641.0538940 
739.2184448 642.2269897 
777.8096924 643.4679565 
817.3361816 644.7015381 
857.9639893 645.9067383 
899.5819702 647.2735596 
942.2734985 648.5500488 
370.2569275 672.8262939 
400.0346069 674.2969971 
430.4829407 675.7979736 
461.6523743 677.2710571 
493.5565491 678.8811646 
526.2444458 680.4270020 
559.6489258 682.0836792 
593.8846436 683.6910400 
628.9243774 685.3797607 
664.8259888 687.0666504 
701.5895386 688.8110352 
739.2904053 690.6074829 
777.9044189 692.4073486 
817.4819336 694.2714233 
858.0678101 696.1696167 
899.7058105 698.0902710 
942.4317017 700.0391235 
370.1929626 715.3682251 
400.0113831 717.2689209 
430.4752502 719.2521362 
461.6618347 721.2338867 
493.5746460 723.3150635 
526.2584839 725.4290771 
559.6531982 727.5708618 
593.9239502 729.7244263 
628.9717407 731.9790039 
664.8746948 734.2563477 
701.6439209 736.5657959 
739.3679199 738.9288330 
777.9913330 741.3759155 
817.6182251 743.8046875 
858.1606445 746.3411255 
899.8357544 748.8992310 
942.5582275 751.5648804 
370.1750183 757.8669434 
399.9975586 760.2814331 
430.4853516 762.7439575 
461.6717529 765.2477417 
493.6040955 767.8666382 
526.2890625 770.4256592 
559.6771851 773.1257935 
593.9471436 775.7955933 
629.0418701 778.5526123 
664.9317627 781.4572754 
701.7276611 784.3483276 
739.4536743 787.3072510 
778.0576172 790.3283081 
817.6984863 793.3696899 
858.2933960 796.5653076 
899.9594727 799.7579956 
942.6814575 803.0751953 
370.2088318 800.4442139 
400.0061340 803.2822876 
430.5183411 806.2199097 
461.6935425 809.1943970 
493.6103516 812.3018188 
526.3378296 815.4488525 
559.7465820 818.6300049 
594.0124512 821.8884888 
629.0680542 825.2440796 
664.9974976 828.6396484 
701.8159180 832.0983276 
739.5292358 835.6864624 
778.1463623 839.3112183 
817.7974243 842.9638062 
858.4347534 846.7521973 
900.1074829 850.6366577 
942.8173828 854.5985718 
############
************
223.4213562 246.2214508 
258.5425720 243.7879791 
294.1962280 241.2299500 
330.4803772 238.6665039 
367.3633118 236.0959473 
404.8099365 233.4800110 
442.9772644 230.7603455 
481.7275085 228.0787659 
521.1552124 225.3529358 
561.2235107 222.5472107 
602.0112305 219.7649536 
643.4754639 216.8867645 
685.6444092 213.9991302 
728.5395508 211.0486450 
772.2061157 208.0587006 
816.5698242 205.0733795 
861.7115479 202.0486450 
223.2842407 288.9791565 
258.3652649 286.8336487 
294.1091614 284.6702881 
330.3840637 282.4734192 
367.3122864 280.2334290 
404.7691956 277.9073486 
442.9487000 275.6371155 
481.7275696 273.3085022 
521.1610718 270.9459839 
561.2573242 268.5286865 
602.0869751 266.0660095 
643.6005859 263.6904907 
685.7868042 261.1280823 
728.6989136 258.5957336 
772.4277954 256.0159912 
816.8703003 253.4173584 
862.0067139 250.7669220 
223.1165924 331.7448730 
258.2489319 329.9508362 
294.0293579 328.1271362 
330.3122559 326.2814941 
367.2352295 324.4342041 
404.7410278 322.5150757 
442.9158325 320.5686646 
481.7265320 318.5986938 
521.1968384 316.6153259 
561.3213501 314.6091614 
602.1773071 312.5700684 
643.7091064 310.4541321 
685.9530029 308.3597717 
728.9511108 306.2308044 
772.6301270 304.0551758 
817.0951538 301.8397522 
862.2560425 299.6340637 
223.0335541 374.5968628 
258.1431885 373.1214600 
293.9207764 371.6770325 
330.2435608 370.1821899 
367.1817932 368.6621704 
404.6921387 367.1417542 
442.9147339 365.5474548 
481.7677307 363.9715271 
521.2327271 362.3279419 
561.4086304 360.7437439 
602.2579956 359.0456543 
643.8448486 357.3771057 
686.1468506 355.6826172 
729.1596680 353.9467468 
772.8577881 352.1819458 
817.3415527 350.4158020 
862.6270752 348.5829773 
222.9274597 417.4616394 
258.0862427 416.3628845 
293.8619385 415.2595825 
330.1794434 414.1140747 
367.1535034 412.9608765 
404.6892700 411.7890320 
442.9060364 410.6000366 
481.7848511 409.3914795 
521.2702637 408.1322632 
561.4785767 406.9003906 
602.3616943 405.6543579 
643.9783936 404.3329163 
686.3027344 403.0557556 
729.3316040 401.7218933 
773.0684814 400.3747559 
817.6121216 398.9886169 
862.8839111 397.5943604 
222.8520050 460.4127808 
258.0216675 459.6480408 
293.8264160 458.8844299 
330.1307373 458.1001282 
367.1157837 457.3376770 
404.6910400 456.5221863 
442.9131470 455.6672974 
481.8073425 454.8562012 
521.3441162 454.0108032 
561.5900879 453.1364746 
602.4876709 452.2421570 
644.0923462 451.3767700 
686.4429321 450.4481201 
729.4921875 449.5300598 
773.2867432 448.5977478 
817.8381958 447.6648865 
863.1343384 446.6720581 
222.7695007 503.3485107 
257.9593811 502.9809265 
293.7477722 502.5655823 
330.1094971 502.1388855 
367.1036377 501.7296143 
404.6814270 501.2875366 
442.9339294 500.8250122 
481.8575745 500.3816833 
521.4023438 499.9257812 
561.6980591 499.4757385 
602.5910645 498.9473267 
644.2468872 498.4702759 
686.5720825 497.9799194 
729.6304932 497.4397888 
773.4927368 496.9460754 
818.0705566 496.4016418 
863.3800049 495.8356323 
222.6774292 546.3771973 
257.9216309 546.3147583 
293.7633972 546.2510986 
330.1001282 546.2068481 
367.1178589 546.1450195 
404.6969910 546.1046753 
442.9667053 546.0162354 
481.9015198 545.9508057 
521.5060425 545.8699951 
561.7879028 545.8108521 
602.7377930 545.7145386 
644.3585815 545.6256104 
686.7347412 545.5079346 
729.8068237 545.4178467 
773.6614990 545.2747803 
818.2882690 545.1547241 
863.6771851 545.0302124 
222.5970612 589.4343262 
257.8804016 589.7344971 
293.7302246 590.0170898 
330.0838318 590.3203735 
367.1083984 590.6361084 
404.7309875 590.9237671 
443.0196838 591.2438354 
481.9801636 591.5425415 
521.5928345 591.8728638 
561.8585815 592.1672363 
602.8498535 592.4782104 
644.5174561 592.7935791 
686.9022217 593.0630493 
730.0208130 593.3979492 
773.8806152 593.6749878 
818.4909058 593.9869995 
863.8854980 594.2781372 
222.5916290 632.4800415 
257.8569946 633.1537476 
293.6958313 633.8297119 
330.1063843 634.4522095 
367.1353455 635.1358032 
404.7655029 635.8035889 
443.1083679 636.5034790 
482.0481567 637.1682739 
521.7005005 637.8892212 
561.9589844 638.5452271 
602.9484863 639.2490845 
644.6477661 639.9818726 
687.0657959 640.6558228 
730.2173462 641.3891602 
774.0731812 642.0905762 
818.6840820 642.8087769 
864.0989990 643.5141602 
222.5531616 675.6320801 
257.8623047 676.6365356 
293.7145386 677.6256104 
330.1276245 678.6151733 
367.1850281 679.6792603 
404.8172607 680.7223511 
443.1886292 681.7601929 
482.1401978 682.8223267 
521.7697144 683.9217529 
562.0682983 684.9909668 
603.0618286 686.0745239 
644.7968750 687.1905518 
687.2345581 688.2952881 
730.3579102 689.4045410 
774.2655029 690.5578003 
818.8878174 691.6766968 
864.3139038 692.8096313 
222.5518646 718.7807007 
257.8574524 720.0877686 
293.7370911 721.4462280 
330.1396179 722.8369141 
367.2417908 724.2297363 
404.8893433 725.6318970 
443.2779236 727.0628662 
482.2190247 728.5095215 
521.8772583 729.9541016 
562.1788330 731.4268799 
603.1673584 732.9291992 
644.9654541 734.3880005 
687.3687134 735.9458008 
730.5072632 737.4487305 
774.4522705 739.0142212 
819.0900879 740.5397949 
864.5413818 742.1356201 
222.5307159 761.8914185 
257.8912354 763.6042480 
293.7625732 765.2815552 
330.1924438 767.0208740 
367.3186035 768.8014526 
404.9592896 770.5783081 
443.3478699 772.3489990 
482.3398132 774.1774292 
521.9992676 776.0084839 
562.2646484 777.8850708 
603.3225708 779.7874756 
645.0585327 781.6674194 
687.5194092 783.5700684 
730.6701660 785.5091553 
774.6180420 787.5067139 
819.2777710 789.4601440 
864.7387085 791.4364014 
222.5465698 805.0818481 
257.8821411 807.1126709 
293.8217773 809.1343384 
330.2341309 811.2412720 
367.3616638 813.3431396 
405.0963745 815.4841919 
443.4380493 817.6477661 
482.4516296 819.8654785 
522.0850220 822.0670166 
562.4176025 824.3308105 
603.4514771 826.6144409 
645.2092285 828.9299927 
687.6467285 831.2216797 
730.8072510 833.5643311 
774.7872314 835.9695435 
819.4783936 838.3354492 
864.9319458 840.7515259 
############
************
1059.5362549 27.1944313 
1060.2316895 77.2605896 
1060.8454590 127.4753418 
1061.5244141 177.7435150 
1062.2021484 228.0438690 
1062.7796631 278.4496460 
1063.4399414 328.9288635 
1064.0462646 379.4703369 
1064.6467285 430.0388184 
1065.2241211 480.6501160 
1065.7351074 531.3540039 
1066.2945557 582.0513916 
1066.7896729 632.7570801 
1067.2862549 683.5120239 
1067.7690430 734.2677612 
1068.2716064 785.0322266 
1068.7000732 835.7706299 
1018.0848999 34.2422447 
1018.7485352 83.6380920 
1019.3977051 133.1320801 
1020.0144653 182.6847839 
1020.6260986 232.3731995 
1021.2646484 282.0769653 
1021.8381348 331.8694458 
1022.4200439 381.6839905 
1022.9838257 431.5961304 
1023.5462036 481.5514526 
1024.0396729 531.5301514 
1024.5186768 581.5602417 
1025.0549316 631.5925903 
1025.5479736 681.5968628 
1026.0085449 731.6958008 
1026.4389648 781.7655640 
1026.9296875 831.8221436 
977.8344116 41.0835495 
978.4064331 89.8065033 
979.0034180 138.6636047 
979.6378174 187.5428619 
980.1859741 236.5469360 
980.8131714 285.5856934 
981.3347778 334.6775208 
981.9216919 383.8750916 
982.4353027 433.1648560 
982.9785156 482.4221191 
983.4531250 531.7349854 
983.9559937 581.0710449 
984.3970947 630.4509888 
984.9050903 679.8323975 
985.2905884 729.1919556 
985.7940063 778.6260986 
986.1821289 827.9615479 
938.5565186 47.7642937 
939.1350098 95.8450317 
939.6893311 144.0552521 
940.2474976 192.2982178 
940.8401489 240.6101227 
941.3713379 289.0362244 
941.9251709 337.5147400 
942.4376221 386.0431824 
942.9735107 434.6186829 
943.4537354 483.2690430 
943.9432373 531.9113770 
944.3897705 580.6122437 
944.8573608 629.3231201 
945.3175659 678.0773315 
945.6990356 726.7861328 
946.1675415 775.5280151 
946.5638428 824.2358398 
900.3661499 54.2185402 
900.8242798 101.7662430 
901.4503174 149.2527924 
901.9581909 196.9227753 
902.4950562 244.5993805 
903.0104370 292.3814087 
903.5230713 340.2023315 
904.0317383 388.1051636 
904.5043945 436.0689697 
904.9776611 484.0706482 
905.4333496 532.1050415 
905.8353271 580.1629639 
906.3416138 628.2390747 
906.7006226 676.3103638 
907.1986694 724.3638916 
907.5535278 772.5091553 
907.9296265 820.5996704 
863.1157837 60.6161499 
863.5928345 107.4690170 
864.1280518 154.4025116 
864.6010742 201.3889771 
865.1523438 248.4696045 
865.6012573 295.6892090 
866.1154785 342.8690186 
866.5458984 390.1369324 
867.0578613 437.4888611 
867.4901733 484.8560486 
867.9027710 532.2576294 
868.3703003 579.7208862 
868.7706299 627.1627197 
869.1934814 674.6452026 
869.6032715 722.1053467 
869.9829712 769.5416260 
870.3888550 817.0151978 
826.8108521 66.7952957 
827.2731934 113.0469055 
827.7714844 159.3710632 
828.2014771 205.8294830 
828.6996460 252.2624817 
829.1643677 298.8405457 
829.6164551 345.4577332 
830.0823364 392.1351318 
830.4998169 438.8717041 
830.9254761 485.6686401 
831.3532104 532.4843140 
831.8074951 579.2926025 
832.1544800 626.1191406 
832.5900879 672.9473877 
832.9730835 719.8165283 
833.3183594 766.6593018 
833.7757568 813.5412598 
791.3832397 72.8053131 
791.8716431 118.4975662 
792.2729492 164.2736969 
792.7813110 210.0928192 
793.1450195 255.9953461 
793.6334839 301.9675598 
794.0617065 347.9832764 
794.4573364 394.0888672 
794.9082031 440.2354126 
795.2766724 486.4052429 
795.7311401 532.6009521 
796.0892334 578.8374634 
796.4931641 625.0986938 
796.9099121 671.3720703 
797.2357788 717.5850830 
797.6582031 763.8707275 
798.0257568 810.1384277 
756.9126587 78.6792068 
757.3388672 123.8155136 
757.7294922 169.0350189 
758.1444702 214.2869568 
758.5664673 259.5750732 
758.9756470 305.0090027 
759.3663940 350.4648438 
759.7952881 395.9778442 
760.1647949 441.5510559 
760.5445557 487.1593628 
760.9524536 532.7684326 
761.3226929 578.4066162 
761.7285767 624.0831909 
762.0697021 669.7622681 
762.4735107 715.4345703 
762.8477173 761.1227417 
763.2496338 806.7807617 
723.2714233 84.4556885 
723.6054688 129.0396271 
723.9998169 173.6520081 
724.4146118 218.3723602 
724.7688599 263.1573486 
725.2037964 307.9604187 
725.5580444 352.8448181 
725.9366455 397.8028564 
726.3328857 442.7962646 
726.6606445 487.8280334 
727.0706787 532.9085693 
727.4414062 578.0097046 
727.7857666 623.1075439 
728.1838379 668.2070312 
728.5409546 713.2980347 
728.8574829 758.4050903 
729.2802124 803.5112305 
690.3921509 90.1015244 
690.7491455 134.1089935 
691.1472778 178.1955414 
691.4768066 222.3623047 
691.7961426 266.5581360 
692.2165527 310.8750000 
692.5589600 355.2388306 
692.8469849 399.6214905 
693.3165894 444.0495300 
693.6122437 488.5711060 
694.0192871 533.0554199 
694.3794556 577.5943604 
694.6753540 622.0954590 
695.0975952 666.6961670 
695.4378662 711.2263794 
695.7711182 755.8375244 
696.1726074 800.3180542 
658.3276978 95.6352539 
658.6611328 139.0671997 
659.0161743 182.6505127 
659.3531494 226.2452393 
659.6549683 269.9701843 
660.3623657 357.5385132 
660.6809692 401.3934326 
661.0397949 445.3193359 
661.4002686 489.2182312 
661.7178345 533.1999512 
662.0743408 577.1975708 
662.4191284 621.1755371 
662.7462158 665.1483765 
663.0921631 709.1980591 
663.4730225 753.2096558 
663.8278198 797.2111206 
627.0490723 100.9770050 
627.3445435 143.9316864 
627.6914673 186.9803467 
627.9845581 230.0872803 
628.2614746 273.2311401 
628.6119385 316.5145569 
628.9573364 359.8163147 
629.2369385 403.0838013 
629.6044312 446.4924927 
629.9229736 489.8899841 
630.1990967 533.3306885 
630.5800171 576.7935791 
630.9085083 620.2384644 
631.2379761 663.7232666 
631.5404053 707.2213135 
631.9262085 750.7169800 
632.2345581 794.1722412 
596.5059204 106.1904602 
596.8202515 148.6870270 
597.0900879 191.2442627 
597.3221436 233.8445282 
597.6994629 276.4683533 
597.9711914 319.1922913 
598.2238159 361.9761047 
598.5828247 404.8114929 
599.1685181 490.5179443 
599.4889526 533.4420776 
599.8259277 576.3858643 
600.1404419 619.3547974 
600.4387817 662.3202515 
600.8246460 705.3004150 
601.1220703 748.2527466 
601.4497681 791.2150269 
############
************
1202.3498535 79.1745758 
1202.6119385 124.1971741 
1202.8634033 169.2284698 
1203.1706543 214.3166199 
1203.4554443 259.4283752 
1203.6776123 304.5816650 
1203.9407959 349.7636414 
1204.2235107 395.0654297 
1204.4412842 440.3659668 
1204.6170654 485.6432190 
1204.7971191 530.9968872 
1205.0196533 576.3810425 
1205.1882324 621.7484741 
1205.3358154 667.1797485 
1205.4677734 712.5969238 
1205.5933838 758.0217285 
1205.7098389 803.4758911 
1157.7342529 78.7261887 
1158.0290527 123.7716217 
1158.3291016 168.8397675 
1158.5506592 213.9715729 
1158.8107910 259.1817932 
1159.1247559 304.4168396 
1159.3608398 349.6633606 
1159.5601807 394.9465637 
1159.7458496 440.3209229 
1159.9820557 485.6859741 
1160.1872559 531.0927124 
1160.2961426 576.4937744 
1160.4605713 621.9699707 
1160.5887451 667.4169312 
1160.7227783 712.8579102 
1160.8295898 758.3545532 
1160.9591064 803.8232422 
1113.1135254 78.3547363 
1113.3604736 123.3910828 
1113.6055908 168.5092010 
1113.8635254 213.6712952 
1114.1416016 258.9211426 
1114.3854980 304.2000427 
1114.5826416 349.4993591 
1114.7913818 394.8619080 
1115.0227051 440.3029785 
1115.2154541 485.6901245 
1115.4016113 531.1785278 
1115.5155029 576.6159668 
1115.6330566 622.1311035 
1115.7253418 667.6689453 
1115.8521729 713.1875000 
1115.9810791 758.7135620 
1116.0802002 804.2315674 
1068.3282471 77.9034805 
1068.5794678 123.0002060 
1068.8056641 168.1849060 
1069.0649414 213.3891144 
1069.3369141 258.6385803 
1069.5404053 303.9874878 
1069.7147217 349.3902283 
1069.9578857 394.7716675 
1070.1492920 440.2581482 
1070.3331299 485.7094727 
1070.4920654 531.2434082 
1070.5748291 576.7775269 
1070.7061768 622.3466797 
1070.7961426 667.8880615 
1070.9262695 713.4674683 
1071.0109863 759.0691528 
1071.1118164 804.6516724 
1023.5047607 77.4416275 
1023.6860352 122.5950775 
1023.9721680 167.8005066 
1024.1728516 213.0792542 
1024.4071045 258.4075928 
1024.6065674 303.8008728 
1024.8194580 349.2180176 
1024.9636230 394.6559448 
1025.1798096 440.1773987 
1025.3448486 485.7142029 
1025.4492188 531.3510742 
1025.5688477 576.9205933 
1025.6512451 622.5536499 
1025.7519531 668.1517944 
1025.8463135 713.7542725 
1025.9245605 759.4183350 
1026.0069580 805.0512085 
978.5227051 76.9976654 
978.7524414 122.2144470 
978.9787598 167.4613800 
979.1723633 212.7726440 
979.3948975 258.1426086 
979.5493774 303.5899048 
979.7470093 349.0709534 
979.9343872 394.5698547 
980.0670166 440.1724854 
980.2214966 485.7776794 
980.3477173 531.4014893 
980.4524536 577.0740967 
980.5512085 622.7200317 
980.6054688 668.3947754 
980.6719360 714.0603638 
980.7493286 759.7557373 
980.7949219 805.4222412 
933.4499512 76.5861053 
933.6661987 121.7819138 
933.8312378 167.1039581 
934.0168457 212.4584656 
934.2204590 257.8910522 
934.4042358 303.3809509 
934.5543823 348.9314880 
934.7250366 394.4904175 
934.8493652 440.1296692 
934.9566040 485.7899780 
935.0701904 531.4942627 
935.1705322 577.1889648 
935.2699585 622.9019775 
935.3442383 668.6450195 
935.3840332 714.3591309 
935.4334717 760.0814819 
935.4988403 805.7705688 
888.3005371 76.1410217 
888.4403687 121.4400864 
888.6324463 166.7628174 
888.7888184 212.1783447 
888.9694214 257.6367188 
889.1108398 303.1977539 
889.2369385 348.7869263 
889.3587036 394.4253235 
889.4973755 440.0779419 
889.6028442 485.8056030 
889.6887817 531.5659180 
889.7855225 577.3300781 
889.8326416 623.0708618 
889.9264526 668.8670044 
889.9656372 714.6358032 
890.0172119 760.4246216 
890.0477905 806.1970825 
843.0166016 75.7137756 
843.1469116 121.0537033 
843.2837524 166.4533386 
843.4575806 211.8886566 
843.5516357 257.4178467 
843.6921387 303.0165710 
843.8365479 348.6166992 
843.9289551 394.3296204 
844.0188599 440.0507507 
844.1379395 485.8269043 
844.2119751 531.6241455 
844.2567749 577.4287109 
844.3663330 623.2349854 
844.4048462 669.0849609 
844.4666138 714.9024658 
844.4927979 760.7897339 
844.5275879 806.5572510 
797.6450806 75.2907410 
797.7700806 120.6911545 
797.8693237 166.1204376 
797.9908447 211.6264648 
798.0919189 257.1883850 
798.1960449 302.8363647 
798.2791748 348.5061646 
798.3745728 394.2399597 
798.4602661 440.0355530 
798.5314941 485.8639832 
798.6072998 531.7075195 
798.6926880 577.5447998 
798.7404785 623.4199219 
798.7858276 669.3129883 
798.8345337 715.1661377 
798.8821411 761.0532837 
798.9145508 806.9202271 
752.1460571 74.9383163 
752.2471924 120.3367233 
752.2969360 165.8166504 
752.4127197 211.3390045 
752.4817505 256.9495850 
752.5781250 302.6657104 
752.6513672 348.3958130 
752.7090454 394.1704407 
752.7916260 440.0038147 
752.8493042 485.8768005 
752.8891602 531.7926636 
752.9655762 577.6584473 
752.9888916 623.5661011 
753.0441284 669.4958496 
753.0809937 715.4320068 
753.1262207 761.3491821 
753.1334839 807.2372437 
706.5747070 74.5363464 
706.6536255 119.9757156 
706.7122192 165.4962006 
706.7539062 211.0853424 
706.8129272 256.7705688 
706.8720093 302.4913330 
706.9069824 348.2566223 
706.9578247 394.1090698 
707.0042114 439.9874878 
707.0408936 485.8970337 
707.0807495 531.8104858 
707.1418457 577.7760620 
707.1708374 623.7532349 
707.2206421 669.7017212 
707.2373047 715.6577759 
707.2935791 761.6278076 
707.3387451 807.5491333 
660.9482422 74.1672287 
660.9661865 119.7045441 
660.9836426 165.2108765 
660.9990845 210.8688049 
661.0218506 256.5664978 
661.0459595 302.3235474 
661.0595093 348.1632080 
661.1461182 394.0215149 
661.1677246 485.8962402 
661.1876831 531.8798828 
661.2275391 577.8615723 
661.2404175 623.8757935 
661.3000488 669.8821411 
661.3292236 715.8842773 
661.3884277 761.8855591 
661.4116821 807.8862305 
615.2050171 73.8388672 
615.1730347 119.3696823 
615.1710205 164.9647369 
615.1501465 210.6769867 
615.1574097 256.3635864 
615.1469116 302.1886292 
615.1559448 348.0517578 
615.1856079 393.9685974 
615.1834106 439.9369812 
615.1998291 485.9154053 
615.2152100 531.9275513 
615.2312622 577.9468994 
615.2529907 624.0006714 
615.3101196 670.0374146 
615.3217163 716.0842285 
615.4002686 762.1251831 
615.4248047 808.1768799 
############
************
1101.7971191 111.5948334 
1101.7835693 153.3761749 
1101.7603760 195.2305756 
1101.7475586 237.1750793 
1101.7042236 279.0857849 
1101.6752930 321.1062317 
1101.6257324 363.1671753 
1101.5611572 405.2488708 
1101.4926758 447.3445435 
1101.4099121 489.4919434 
1101.3027344 531.6262207 
1101.2108154 573.8518677 
1101.0260010 616.0803223 
1100.8720703 658.3210449 
1100.7115479 700.5491943 
1100.5495605 742.7441406 
1100.3822021 784.9893188 
1076.4088135 106.5601578 
1076.3723145 148.8654938 
1076.3701172 191.1810760 
1076.3393555 233.6093903 
1076.3065186 276.0343323 
1076.2780762 318.5439758 
1076.2163086 361.1473999 
1076.1105957 403.6944580 
1076.0083008 446.3045959 
1075.8782959 488.9632263 
1075.7258301 531.6329346 
1075.5985107 574.3483887 
1075.4775391 617.0806274 
1075.3717041 659.8226318 
1075.1970215 702.5472412 
1075.0080566 745.3054199 
1074.7663574 788.0498047 
1050.3395996 101.3236465 
1050.3273926 144.1701813 
1050.2493896 186.9767609 
1050.2321777 229.9449463 
1050.1606445 272.9217834 
1050.0970459 315.9302979 
1050.0269775 358.9905090 
1049.9511719 402.0874329 
1049.8560791 445.2351990 
1049.7220459 488.3797607 
1049.5895996 531.5971680 
1049.4672852 574.8873291 
1049.3347168 618.0914307 
1049.1523438 661.3161011 
1048.9783936 704.6102905 
1048.7248535 747.9196167 
1048.5489502 791.1423950 
1023.5745850 96.0238342 
1023.5724487 139.3626556 
1023.5260620 182.7432098 
1023.4709473 226.1787720 
1023.4393921 269.6818237 
1023.3394775 313.1962585 
1023.2523804 356.8424683 
1023.1661987 400.4634399 
1023.0693970 444.1315613 
1022.9555664 487.8673401 
1022.8328857 531.6008301 
1022.6443481 575.3439331 
1022.4873047 619.1322021 
1022.3226318 662.9768677 
1022.1025391 706.7496338 
1021.9128418 750.5383911 
1021.6593018 794.2792358 
996.2070923 90.5699921 
996.1489868 134.4399414 
996.1408081 178.3723145 
996.0635986 222.3512268 
996.0113525 266.3739014 
995.9274902 310.4786682 
995.8583984 354.6214600 
995.7619629 398.8155518 
995.6251221 443.0142822 
995.4315186 487.2586365 
995.2723389 531.5708618 
995.1257324 575.9151001 
994.9703979 620.1810303 
994.7914429 664.5682373 
994.6181030 708.9320679 
994.3641357 753.2191772 
994.1291504 797.6014404 
968.1506958 85.0329514 
968.0912476 129.4288330 
968.0460205 173.8655090 
967.9771118 218.4155884 
967.9110718 262.9853821 
967.8199463 307.5986023 
967.7211304 352.3316956 
967.5748901 397.0548401 
967.4346924 441.8769226 
967.2450562 486.7295532 
967.1116333 531.5443115 
966.9631348 576.4091797 
966.8129272 621.2904663 
966.6193237 666.1734009 
966.3367920 711.0798950 
966.1187134 756.0209351 
965.9147339 800.9688110 
939.3938599 79.3281326 
939.3308716 124.2749557 
939.2418823 169.3013458 
939.1369019 214.3979034 
939.0350342 259.5157776 
938.9522705 304.7041016 
938.8228149 350.0050354 
938.6973877 395.3032837 
938.5484619 440.6776428 
938.3581543 486.1180725 
938.1757202 531.5087891 
938.0129395 576.9735718 
937.8426514 622.4398193 
937.6184082 667.9077759 
937.3812256 713.3856812 
937.1383667 758.8614502 
936.9274902 804.3372803 
909.8457642 73.4423065 
909.7523193 118.9759521 
909.6378174 164.5321808 
909.5507202 210.2461700 
909.4562378 255.9640198 
909.3543091 301.7716370 
909.2283936 347.6006470 
909.0699463 393.5316772 
908.8748779 439.4695435 
908.6911621 485.4459534 
908.5309448 531.5010986 
908.3446655 577.5149536 
908.1033936 623.5667114 
907.9124146 669.6503296 
907.6492310 715.7298584 
907.4311523 761.7894287 
907.1591797 807.8719482 
879.5629272 67.4293747 
879.4645996 113.5474243 
879.3694458 159.7652435 
879.2418823 206.0087585 
879.0869751 252.2969208 
878.9211426 298.7132874 
878.7522583 345.1602478 
878.6040649 391.6536255 
878.4594116 438.2356567 
878.2943726 484.8079529 
878.1074829 531.4594727 
877.8198242 578.1106567 
877.6215210 624.7829590 
877.4102173 671.4373169 
877.2073975 718.1014404 
876.8934326 764.7576904 
876.6267090 811.4745483 
848.4649048 61.2572212 
848.3687744 107.9867325 
848.1829834 154.8003387 
848.0390015 201.6587982 
847.8980103 248.6030273 
847.7405396 295.5982056 
847.5621948 342.6654358 
847.4132690 389.7923889 
847.2105713 436.9525452 
846.9935913 484.1726685 
846.7755737 531.3961792 
846.5422974 578.6810303 
846.3572998 625.9824829 
846.1172485 673.2370605 
845.8054810 720.5420532 
845.5787354 767.8376465 
845.3511353 815.1303711 
816.5266724 54.9358635 
816.3557739 102.3128433 
816.1915283 149.7034760 
816.0253296 197.1368103 
815.8811035 244.7173462 
815.7092896 292.3593140 
815.5018311 340.0568542 
815.2734985 387.8233948 
815.0844116 435.6530151 
814.8750610 483.5001526 
814.6613770 531.3746948 
814.4247437 579.2725220 
814.1652832 627.2052612 
813.9171753 675.1358032 
813.6361694 723.0604858 
813.4321899 771.0063477 
813.1776733 818.8898315 
783.7507324 48.4980240 
783.5402222 96.4290237 
783.3397217 144.4791565 
783.1286621 192.5979462 
782.9697266 240.7921448 
782.7854004 289.0664673 
782.5738525 337.4374084 
782.2998657 385.8306274 
782.0881348 434.3002625 
781.8899536 482.7968140 
781.6727905 531.3300781 
781.3729248 579.9063721 
781.1206665 628.4759521 
780.9017944 677.0329590 
780.6199341 725.6167603 
780.3505859 774.1798706 
780.0742798 822.7850342 
750.0264893 41.8016891 
749.8237915 90.4700851 
749.6050415 139.1387177 
749.3565674 187.8925476 
749.1173096 236.7456818 
748.9125977 285.6882019 
748.6883545 334.6698914 
748.4441528 383.7657776 
748.1892700 432.9479370 
747.9453735 482.0864868 
747.7247925 531.3041382 
747.4448853 580.5163574 
747.1722412 629.7851562 
746.9519653 679.0132446 
746.6730347 728.2770386 
746.3796997 777.5220337 
746.0905762 826.7828979 
715.4105835 35.0134239 
715.1602783 84.2805405 
714.8828125 133.6556854 
714.6198730 183.0806274 
714.3854370 232.6005096 
714.1535034 282.2561340 
713.8778076 331.9071045 
713.5894165 381.6777039 
713.3594360 431.4920654 
713.1020508 481.3506775 
712.8255005 531.2686157 
712.5571289 581.1844482 
712.2775879 631.0944214 
712.0028687 681.0325928 
711.7409058 730.9905396 
711.4642334 780.8963013 
711.1538086 830.8018799 
############
************
1056.5766602 118.4799194 
1056.4576416 159.6456146 
1056.4073486 200.8277130 
1056.3552246 242.0490875 
1056.2373047 283.3252563 
1056.1358643 324.6561890 
1056.0362549 366.0293274 
1055.9580078 407.4494019 
1055.8425293 448.8582153 
1055.6661377 490.3631592 
1055.4877930 531.9196167 
1055.2916260 573.4070435 
1055.0948486 614.9891968 
1054.9255371 656.5092773 
1054.7270508 698.1173096 
1054.4968262 739.6764526 
1054.2644043 781.2739868 
1038.3206787 112.6524887 
1038.2692871 154.3714905 
1038.2122803 196.1178741 
1038.1411133 237.9114990 
1038.0389404 279.7709961 
1037.9497070 321.6984863 
1037.8292236 363.6400146 
1037.6800537 405.6299744 
1037.5369873 447.6265564 
1037.4206543 489.6734314 
1037.2619629 531.8154907 
1037.0079346 573.9669800 
1036.8596191 616.1253052 
1036.6301270 658.2719727 
1036.4256592 700.3880615 
1036.2075195 742.5551758 
1035.9379883 784.7608643 
1019.6716309 106.6030884 
1019.5570068 148.9329376 
1019.5044556 191.2405243 
1019.4116211 233.6065674 
1019.3449097 276.1294250 
1019.2353516 318.6417847 
1019.1009521 361.1427917 
1018.9115601 403.7572937 
1018.7438354 446.4455566 
1018.6058350 489.1135254 
1018.4644165 531.7146606 
1018.2823486 574.4419556 
1018.0360718 617.2410889 
1017.7657471 660.0131226 
1017.5676880 702.7357788 
1017.3648071 745.5240479 
1017.1303101 788.3203735 
1000.3984375 100.4780121 
1000.3334351 143.3433838 
1000.2611084 186.2949219 
1000.1793823 229.2668762 
1000.0377197 272.3236084 
999.8526001 315.4256287 
999.7090454 358.6492615 
999.6079102 401.8447876 
999.4848633 445.1398926 
999.3207397 488.4472351 
999.1477051 531.7164307 
998.8485718 575.0692139 
998.6393433 618.4767456 
998.4578247 661.8341675 
998.2340088 705.1736450 
997.9779663 748.6160278 
997.6773071 792.0283203 
980.6035156 94.0470276 
980.5065918 137.5980682 
980.4248657 181.1929474 
980.3432007 224.7779541 
980.2256470 268.4746399 
980.0587158 312.2199402 
979.8784790 356.0526123 
979.6983032 399.8912354 
979.5760498 443.7382812 
979.4161377 487.6863708 
979.2465820 531.6599121 
978.9362183 575.6470947 
978.7191772 619.6504517 
978.5023193 663.6761475 
978.3123169 707.6785889 
978.0066528 751.7672729 
977.7088013 795.7743530 
960.2316284 87.5534286 
960.1052856 131.6903229 
959.9625244 175.8368988 
959.8272095 220.1161346 
959.6917114 264.4547424 
959.5704346 308.8870239 
959.4486694 353.3435059 
959.3095703 397.8439941 
959.1069336 442.3770142 
958.8768311 487.0166931 
958.6463623 531.6276245 
958.4627686 576.2377930 
958.2749634 620.9226074 
957.9640503 665.5873413 
957.6758423 710.2561035 
957.4694214 754.9675903 
957.2225342 799.6977539 
939.2177124 80.7838974 
939.0778198 125.5909271 
938.9057617 170.4572754 
938.7809448 215.3710327 
938.6447144 260.3430176 
938.5195312 305.4294739 
938.3749390 350.6001587 
938.2166748 395.7807007 
937.9746094 440.9882202 
937.7120361 486.2788696 
937.5470581 531.5667114 
937.3558350 576.8500366 
937.0824585 622.1875610 
936.7713623 667.5293579 
936.5291138 712.9498901 
936.3114014 758.2378540 
935.9727783 803.6508179 
917.5194092 73.8817825 
917.3976440 119.3620300 
917.2828979 164.8860626 
917.1137085 210.4741211 
916.9372559 256.1468811 
916.7773438 301.9226379 
916.5807495 347.7425537 
916.4240112 393.6237793 
916.2163696 439.5070190 
915.9860229 485.4898987 
915.7385864 531.4720459 
915.5123291 577.4623413 
915.2670898 623.5327148 
914.9882812 669.6013794 
914.6736450 715.6882324 
914.4261475 761.7094727 
914.1922607 807.7506104 
895.2078857 66.7526245 
895.0391846 112.8814545 
894.8547974 159.1218262 
894.7107544 205.4014130 
894.5418701 251.7739868 
894.3693848 298.2434998 
894.1784058 344.8149414 
893.9795532 391.3981323 
893.7648926 437.9725342 
893.5325928 484.6449280 
893.2941284 531.3695679 
893.0152588 578.1717529 
892.7426758 624.9367676 
892.4937134 671.6502075 
892.2083130 718.4515381 
891.8938599 765.2608643 
891.5810547 812.0469971 
872.1037598 59.3578644 
871.9956665 106.1799927 
871.8231812 153.1755066 
871.6104736 200.1520996 
871.4490356 247.2707214 
871.2503052 294.4951782 
871.0366821 341.7686462 
870.8498535 389.0928650 
870.5976562 436.4516907 
870.3388062 483.8126221 
870.1070557 531.3429565 
869.8421631 578.8340454 
869.5680542 626.3264160 
869.2498169 673.8129883 
868.9638672 721.3339844 
868.6462402 768.8996582 
848.3490601 51.7653160 
848.1619263 99.3316650 
847.9822388 146.9988098 
847.8032837 194.7499237 
847.5906372 242.6115570 
847.3618774 290.6011047 
847.1524658 338.6555481 
846.9237061 386.7048035 
846.6903687 434.8373413 
846.3825684 483.0802917 
846.1195679 531.2775269 
845.8834839 579.5288696 
845.6066895 627.7743530 
845.2434082 676.0464478 
844.9804688 724.3334351 
844.6887207 772.6273193 
844.2937622 820.9097900 
823.8438721 43.8730659 
823.6078491 92.1596222 
823.3858032 140.6330414 
823.1495972 189.2324829 
822.9497070 237.8426361 
822.7535400 286.5667725 
822.4932251 335.3945618 
822.2002563 384.2985840 
821.9891357 433.2000732 
821.7131958 482.1496582 
821.3974609 531.1766968 
821.1369019 580.2582397 
820.8435669 629.3065796 
820.4968262 678.3584595 
820.1477661 727.4713135 
819.8889771 776.5116577 
819.5572510 825.5383911 
798.4708252 35.7075577 
798.2425537 84.8654327 
797.9946289 134.0971527 
797.7573853 183.4587708 
797.4885254 232.9258575 
797.2570190 282.4455566 
797.0047607 332.0242004 
796.7513428 381.7507629 
796.4597778 431.5286560 
796.1446533 481.2647705 
795.8585815 531.0723877 
795.5540161 580.9606934 
795.2182007 630.8513794 
794.9118652 680.7482910 
794.5733643 730.6427612 
794.2241821 780.4897461 
793.9227295 830.4152222 
772.2670288 27.3280773 
771.9985352 77.2601547 
771.7440796 127.3615341 
771.4518433 177.5471954 
771.1998291 227.7946167 
770.9010010 278.1564941 
770.6382446 328.6121521 
770.3516235 379.1236267 
770.0402832 429.7236328 
769.7000122 480.2927551 
769.4270020 531.0036011 
769.1166992 581.7434692 
768.7477417 632.4770508 
768.4659424 683.1924438 
768.1340942 733.9361572 
767.7470703 784.6369019 
767.4247437 835.3103027 
############
************
526.7535400 194.5581207 
575.3939209 196.3667755 
623.5012817 198.1834869 
671.0771484 200.0023956 
718.1339722 201.7559204 
764.7015381 203.5798187 
810.7996826 205.3949432 
856.3126831 207.1610565 
901.3455811 208.9397736 
945.8663940 210.7401581 
989.8851318 212.4958649 
1033.4934082 214.1921997 
1076.5610352 215.9545593 
1119.1440430 217.6593781 
1161.2773438 219.3434753 
1202.9965820 220.9767303 
1244.2542725 222.6140747 
526.6755371 244.3931732 
575.3494873 245.9415741 
623.4715576 247.4867706 
671.0730591 249.0457916 
718.1846924 250.5716858 
764.8485107 252.1372986 
810.9220581 253.6304779 
856.4854736 255.1678009 
901.5257568 256.7062988 
946.1243286 258.1876526 
990.2052002 259.7282410 
1033.7496338 261.2074280 
1076.8568115 262.6801453 
1119.4492188 264.0984802 
1161.6218262 265.5177002 
1203.3200684 266.9327393 
1244.6445312 268.3446655 
526.5740356 294.3663025 
575.3068237 295.6182556 
623.4463501 296.9194031 
671.0925293 298.2420959 
718.2617188 299.4580078 
764.9260864 300.7165222 
811.0195312 301.9981079 
856.6594238 303.2848206 
901.7487793 304.5127869 
946.3453979 305.7965393 
990.4417114 306.9868164 
1034.0098877 308.2393799 
1077.1281738 309.4429626 
1119.7933350 310.6460571 
1161.9548340 311.8431091 
1203.7264404 312.9926758 
1244.9593506 314.1596375 
526.5230103 344.3965454 
575.2512207 345.4133911 
623.4572144 346.4268494 
671.1411743 347.4436340 
718.2953491 348.4407654 
764.9994507 349.4425049 
811.1427612 350.4328308 
856.7970581 351.4242249 
901.9254150 352.4003601 
946.5424194 353.3968201 
990.6457520 354.3331604 
1034.2832031 355.3414612 
1077.4156494 356.2725830 
1120.0731201 357.2169189 
1162.2204590 358.1884155 
1204.0119629 359.0816650 
1245.2988281 360.0052795 
526.4384766 394.4940186 
575.2114868 395.2473450 
623.4428101 395.9615479 
671.1564331 396.6941223 
718.3719482 397.4609375 
765.0733643 398.2196350 
811.2266235 398.9205933 
856.9313965 399.6406555 
902.0649414 400.3734131 
946.6978760 401.0747375 
990.8677368 401.8086243 
1034.5128174 402.5133972 
1077.6636963 403.1861877 
1120.3204346 403.9224854 
1162.5303955 404.5497742 
1204.2774658 405.2273560 
1245.6204834 405.8824158 
526.3823242 444.6105652 
575.1987305 445.1077576 
623.4505005 445.5977783 
671.1799927 446.0656738 
718.4047241 446.5465698 
765.1173706 447.0206299 
811.3417969 447.4855652 
857.0367432 447.9450684 
902.2413940 448.4020691 
946.9000854 448.8517456 
991.0750122 449.2716675 
1034.7132568 449.7497864 
1077.8944092 450.1347961 
1120.5894775 450.5957642 
1162.8327637 450.9900513 
1204.5970459 451.4524231 
1245.9656982 451.8185730 
526.3391113 494.8659973 
575.1547241 495.0705261 
623.4398804 495.3169861 
671.2121582 495.4992981 
718.4458618 495.6961365 
765.1775513 495.8959045 
811.4219360 496.1048279 
857.1659546 496.2695923 
902.3771362 496.4708557 
947.0847168 496.6589966 
991.2766724 496.8386230 
1034.9045410 496.9931946 
1078.0838623 497.1603394 
1120.8482666 497.3421021 
1163.0863037 497.5182190 
1204.8903809 497.6537476 
1246.2410889 497.8045959 
526.2960205 545.1446533 
575.1434937 545.0789795 
623.4537354 544.9913940 
671.2528687 544.9371948 
718.5020142 544.8715820 
765.2528076 544.7760620 
811.5338135 544.7322388 
857.2544556 544.6393433 
902.4922485 544.5645142 
947.2210083 544.4630127 
991.4263306 544.3988647 
1035.1011963 544.2903442 
1078.3353271 544.2286987 
1121.0531006 544.1313477 
1163.3004150 544.0710449 
1205.1516113 543.9531250 
1246.5222168 543.8664551 
526.2792358 595.4183350 
575.1493530 595.0916748 
623.4584351 594.7612915 
671.2457886 594.4411621 
718.5509033 594.1148071 
765.3332520 593.7671509 
811.6271973 593.4144287 
857.3563232 593.0823975 
902.5803833 592.7409668 
947.3323364 592.3316650 
991.5662842 592.0231323 
1035.2946777 591.7041626 
1078.5104980 591.2910156 
1121.2346191 590.9851685 
1163.5428467 590.5934448 
1205.3796387 590.2957764 
1246.7849121 589.9130249 
526.2581177 645.7363281 
575.1077271 645.1834106 
623.4307861 644.5581665 
671.2736206 643.9414062 
718.6068726 643.3796387 
765.3705444 642.7028809 
811.6915894 642.1411133 
857.4340820 641.5007324 
902.7045898 640.9065552 
947.4396973 640.2562866 
991.6648560 639.6891479 
1035.4420166 639.0430908 
1078.6676025 638.4285889 
1121.4464111 637.8314209 
1163.7781982 637.2427368 
1205.6414795 636.6384277 
1247.0385742 636.0789185 
526.2354736 696.0914307 
575.0839844 695.2809448 
623.4553833 694.3609619 
671.2973022 693.5265503 
718.6343994 692.6139526 
765.4117432 691.7502441 
811.7545166 690.8995972 
857.5036011 689.9869385 
902.7651978 689.1064453 
947.5433960 688.2089233 
991.7901001 687.3314819 
1035.5499268 686.4658203 
1078.8187256 685.5650024 
1121.6208496 684.7166748 
1163.9556885 683.8538818 
1205.8612061 683.0525513 
1247.2950439 682.2181396 
526.2435303 746.4826660 
575.1016235 745.3334961 
623.4561157 744.2170410 
671.3140259 743.1002808 
718.6931152 741.9310303 
765.4839478 740.7478638 
811.7930298 739.6227417 
857.5727539 738.4442139 
902.8560181 737.2893066 
947.6141968 736.1567993 
991.8691406 735.0072021 
1035.6868896 733.8599854 
1078.9769287 732.7667236 
1121.8239746 731.6212158 
1164.1196289 730.5112915 
1206.0675049 729.4288330 
1247.5197754 728.3772583 
526.2304688 796.7988281 
575.1204834 795.4378662 
623.4668579 794.0221558 
671.3267212 792.6275024 
718.7195435 791.2302856 
765.5456543 789.7687988 
811.8289185 788.3560181 
857.6079712 786.9695435 
902.9387207 785.5322266 
947.7011719 784.1140137 
991.9882202 782.7257690 
1035.7717285 781.3021240 
1079.0791016 779.9339600 
1121.9068604 778.5639038 
1164.3541260 777.2752075 
1206.2399902 775.8545532 
1247.7821045 774.5581055 
526.2108154 847.2413940 
575.0918579 845.5421753 
623.5045776 843.8217163 
671.3740845 842.1764526 
718.7387695 840.4891968 
765.5972900 838.8143311 
811.8776855 837.0925903 
857.6798706 835.4429932 
902.9987183 833.7957153 
947.7743530 832.1145020 
992.0998535 830.4708862 
1035.9047852 828.8149414 
1079.2257080 827.1458740 
1122.0919189 825.5202637 
1164.5869141 823.9223022 
1206.4835205 822.3824463 
1248.0170898 820.8089600 
############
************
555.9090576 215.2384949 
593.4274292 219.1206055 
630.0911255 222.9013367 
665.9254761 226.5939941 
700.9237671 230.2610626 
735.1616821 233.7794189 
768.6363525 237.2831116 
801.4118652 240.7020874 
833.4466553 244.0539551 
864.7557983 247.3287964 
895.4498901 250.5638580 
925.4886475 253.6852112 
954.8835449 256.7998962 
983.6522827 259.8086243 
1011.8259888 262.7543945 
1039.4144287 265.6677246 
1066.4517822 268.5261536 
555.8620605 261.9403381 
593.4509277 265.3033142 
630.1018066 268.5210571 
665.9606934 271.6847839 
701.0048828 274.8320923 
735.2836914 277.9162598 
768.7722778 280.9053345 
801.5608521 283.8757324 
833.6059570 286.7585754 
864.9883423 289.5787964 
895.6842041 292.3125610 
925.7567749 295.0811462 
955.0906372 297.6813965 
983.8866577 300.3007812 
1012.0743408 302.8343201 
1039.7130127 305.3381653 
1066.7363281 307.7962036 
555.8551636 308.7281494 
593.4319458 311.5315857 
630.1157837 314.2400818 
666.0143433 316.9171143 
701.0844116 319.5349121 
735.4040527 322.1316223 
768.9315186 324.6363525 
801.6906128 327.0652161 
833.7458496 329.4945984 
865.2191162 331.9041748 
895.8964844 334.2198181 
925.9586182 336.4741516 
955.3378296 338.6448975 
984.1372070 340.8578796 
1012.3515015 342.9977417 
1040.0073242 345.0693359 
1067.0555420 347.1100159 
555.8078613 355.5956421 
593.4296875 357.8093262 
630.1369019 360.0531311 
666.0660400 362.2217407 
701.1477051 364.3457336 
735.4906006 366.3878479 
769.0540771 368.4283752 
801.8292847 370.3595886 
833.9181519 372.2906189 
865.3771973 374.2324524 
896.0787354 376.1187134 
926.1457520 377.9273376 
955.6097412 379.7003174 
984.3876953 381.4732056 
1012.6738281 383.2207031 
1040.2539062 384.8735962 
1067.3619385 386.5357666 
555.7611694 402.4896851 
593.4364624 404.2058716 
630.1798706 405.8866272 
666.0956421 407.5404663 
701.2474976 409.1511536 
735.5761719 410.7034607 
769.1631470 412.2492676 
802.0014648 413.7579346 
834.1492920 415.2070923 
865.5380249 416.6451111 
896.3163452 418.0746460 
926.3965454 419.4662476 
955.8448486 420.7928772 
984.6878662 422.1593018 
1012.9143677 423.4429321 
1040.5300293 424.7063904 
1067.6136475 425.9736633 
555.7766113 449.4776306 
593.4467163 450.6419067 
630.2047729 451.8051758 
666.1631470 452.9127808 
701.3008423 453.9790649 
735.6766357 455.1057434 
769.3127441 456.1130066 
802.1673584 457.1241760 
834.3110962 458.1494141 
865.6989136 459.1197815 
896.4801025 460.1146240 
926.5751343 461.0688171 
956.0272217 461.9488831 
984.9078369 462.8500061 
1013.1149292 463.7093506 
1040.8220215 464.5819092 
1067.8950195 465.4108276 
555.7686157 496.5377197 
593.4548950 497.1642761 
630.2385864 497.7550049 
666.2182617 498.3939819 
701.3723755 498.9458923 
735.7975464 499.5314636 
769.4160156 500.0832825 
802.2804565 500.6426392 
834.4329224 501.1621094 
865.8576050 501.6435242 
896.6320801 502.1859131 
926.7708740 502.6291199 
956.2009277 503.1749573 
985.0765991 503.5708008 
1013.3184814 504.0599670 
1041.0257568 504.5130615 
1068.1112061 504.9617310 
555.7628784 543.6625366 
593.4890137 543.7606201 
630.2951050 543.7884521 
666.2489014 543.8721313 
701.4855957 543.9642334 
735.8728027 544.0375977 
769.4969482 544.0513306 
802.3981934 544.1148682 
834.5665894 544.1708374 
866.0309448 544.2388916 
896.7879639 544.2714844 
926.9428711 544.3217773 
956.4267578 544.4298096 
985.2721558 544.4057617 
1013.5969849 544.4381104 
1041.2338867 544.4839478 
1068.3825684 544.5446167 
555.7644653 590.8087158 
593.4976807 590.3705444 
630.3425293 589.8943481 
666.3081055 589.4136963 
701.5398560 589.0087280 
735.9741211 588.6005859 
769.5944824 588.1126099 
802.5197754 587.7319946 
834.6666260 587.2385254 
866.1855469 586.8529053 
896.9777832 586.4252930 
927.1032715 586.0370483 
956.6306152 585.5701904 
985.4997559 585.2904053 
1013.7940674 584.8523560 
1041.4812012 584.4672241 
1068.5960693 584.0671997 
555.7700806 638.0107422 
593.5097656 636.9828491 
630.3868408 636.0233765 
666.3741455 635.0386963 
701.6436768 634.0684814 
736.0574341 633.1300659 
769.6644287 632.1287842 
802.6090088 631.2463379 
834.7921753 630.3419800 
866.3197632 629.4661865 
897.1115112 628.6064453 
927.2765503 627.7246094 
956.8154297 626.8970947 
985.7036743 626.1382446 
1013.9805298 625.3146973 
1041.7111816 624.5157471 
1068.8365479 623.7019043 
555.7628174 685.2484741 
593.5564575 683.6643677 
630.4259033 682.1774292 
666.4577637 680.6371460 
701.7198486 679.1651611 
736.1281128 677.7356567 
769.7847290 676.3075562 
802.6973877 674.8908691 
834.9141846 673.5171509 
866.4490967 672.1778564 
897.2711792 670.8339233 
927.4229126 669.5143433 
956.9470215 668.2578735 
985.8617554 666.9836426 
1014.1448364 665.7540894 
1041.9036865 664.5507202 
1069.0283203 663.3850098 
555.8076172 732.4955444 
593.5826416 730.4021606 
630.4835815 728.3199463 
666.5090332 726.2839966 
701.7766724 724.3022461 
736.2039185 722.2872314 
769.8860474 720.3867188 
802.7855225 718.5487671 
835.0384521 716.6759644 
866.5317383 714.8393555 
897.3897095 713.0853882 
927.5743408 711.3598633 
957.0843506 709.5750122 
986.0100098 707.9077759 
1014.2927246 706.2723999 
1042.0722656 704.6204834 
1069.2539062 703.0789185 
555.8314209 779.7523804 
593.6169434 777.1178589 
630.5011597 774.4849243 
666.5870972 771.9148560 
701.8261108 769.4318848 
736.3047485 766.9807739 
769.9764404 764.5666504 
802.8905029 762.1587524 
835.1720581 759.8116455 
866.6558838 757.6232300 
897.5106812 755.3391724 
927.7248535 753.1313477 
957.2198486 750.9832764 
986.1546021 748.8357544 
1014.5297852 746.7565308 
1042.2332764 744.7279663 
1069.4083252 742.7480469 
555.8604126 827.0293579 
593.6448975 823.8280640 
630.5961304 820.6749878 
666.6743774 817.6198120 
701.9086304 814.5784912 
736.3716431 811.6266479 
770.0613403 808.6978760 
803.0075684 805.8587646 
835.2736206 803.0200806 
866.7783203 800.2822876 
897.6097412 797.5994263 
927.8355103 794.9447632 
957.3626709 792.3646240 
986.2994385 789.7910767 
1014.6951904 787.3244019 
1042.4188232 784.8825684 
1069.6149902 782.4516602 
############
