************
0.0000000 0.0000000 
15.0000000 0.0000000 
30.0000000 0.0000000 
45.0000000 0.0000000 
60.0000000 0.0000000 
75.0000000 0.0000000 
90.0000000 0.0000000 
105.0000000 0.0000000 
120.0000000 0.0000000 
135.0000000 0.0000000 
150.0000000 0.0000000 
165.0000000 0.0000000 
180.0000000 0.0000000 
195.0000000 0.0000000 
210.0000000 0.0000000 
225.0000000 0.0000000 
240.0000000 0.0000000 
0.0000000 15.0000000 
15.0000000 15.0000000 
30.0000000 15.0000000 
45.0000000 15.0000000 
60.0000000 15.0000000 
75.0000000 15.0000000 
90.0000000 15.0000000 
105.0000000 15.0000000 
120.0000000 15.0000000 
135.0000000 15.0000000 
150.0000000 15.0000000 
165.0000000 15.0000000 
180.0000000 15.0000000 
195.0000000 15.0000000 
210.0000000 15.0000000 
225.0000000 15.0000000 
240.0000000 15.0000000 
0.0000000 30.0000000 
15.0000000 30.0000000 
30.0000000 30.0000000 
45.0000000 30.0000000 
60.0000000 30.0000000 
75.0000000 30.0000000 
90.0000000 30.0000000 
105.0000000 30.0000000 
120.0000000 30.0000000 
135.0000000 30.0000000 
150.0000000 30.0000000 
165.0000000 30.0000000 
180.0000000 30.0000000 
195.0000000 30.0000000 
210.0000000 30.0000000 
225.0000000 30.0000000 
240.0000000 30.0000000 
0.0000000 45.0000000 
15.0000000 45.0000000 
30.0000000 45.0000000 
45.0000000 45.0000000 
60.0000000 45.0000000 
75.0000000 45.0000000 
90.0000000 45.0000000 
105.0000000 45.0000000 
120.0000000 45.0000000 
135.0000000 45.0000000 
150.0000000 45.0000000 
165.0000000 45.0000000 
180.0000000 45.0000000 
195.0000000 45.0000000 
210.0000000 45.0000000 
225.0000000 45.0000000 
240.0000000 45.0000000 
0.0000000 60.0000000 
15.0000000 60.0000000 
30.0000000 60.0000000 
45.0000000 60.0000000 
60.0000000 60.0000000 
75.0000000 60.0000000 
90.0000000 60.0000000 
105.0000000 60.0000000 
120.0000000 60.0000000 
135.0000000 60.0000000 
150.0000000 60.0000000 
165.0000000 60.0000000 
180.0000000 60.0000000 
195.0000000 60.0000000 
210.0000000 60.0000000 
225.0000000 60.0000000 
240.0000000 60.0000000 
0.0000000 75.0000000 
15.0000000 75.0000000 
30.0000000 75.0000000 
45.0000000 75.0000000 
60.0000000 75.0000000 
75.0000000 75.0000000 
90.0000000 75.0000000 
105.0000000 75.0000000 
120.0000000 75.0000000 
135.0000000 75.0000000 
150.0000000 75.0000000 
165.0000000 75.0000000 
180.0000000 75.0000000 
195.0000000 75.0000000 
210.0000000 75.0000000 
225.0000000 75.0000000 
240.0000000 75.0000000 
0.0000000 90.0000000 
15.0000000 90.0000000 
30.0000000 90.0000000 
45.0000000 90.0000000 
60.0000000 90.0000000 
75.0000000 90.0000000 
90.0000000 90.0000000 
105.0000000 90.0000000 
120.0000000 90.0000000 
135.0000000 90.0000000 
150.0000000 90.0000000 
165.0000000 90.0000000 
180.0000000 90.0000000 
195.0000000 90.0000000 
210.0000000 90.0000000 
225.0000000 90.0000000 
240.0000000 90.0000000 
0.0000000 105.0000000 
15.0000000 105.0000000 
30.0000000 105.0000000 
45.0000000 105.0000000 
60.0000000 105.0000000 
75.0000000 105.0000000 
90.0000000 105.0000000 
105.0000000 105.0000000 
120.0000000 105.0000000 
135.0000000 105.0000000 
150.0000000 105.0000000 
165.0000000 105.0000000 
180.0000000 105.0000000 
195.0000000 105.0000000 
210.0000000 105.0000000 
225.0000000 105.0000000 
240.0000000 105.0000000 
0.0000000 120.0000000 
15.0000000 120.0000000 
30.0000000 120.0000000 
45.0000000 120.0000000 
60.0000000 120.0000000 
75.0000000 120.0000000 
90.0000000 120.0000000 
105.0000000 120.0000000 
120.0000000 120.0000000 
135.0000000 120.0000000 
150.0000000 120.0000000 
165.0000000 120.0000000 
180.0000000 120.0000000 
195.0000000 120.0000000 
210.0000000 120.0000000 
225.0000000 120.0000000 
240.0000000 120.0000000 
0.0000000 135.0000000 
15.0000000 135.0000000 
30.0000000 135.0000000 
45.0000000 135.0000000 
60.0000000 135.0000000 
75.0000000 135.0000000 
90.0000000 135.0000000 
105.0000000 135.0000000 
120.0000000 135.0000000 
135.0000000 135.0000000 
150.0000000 135.0000000 
165.0000000 135.0000000 
180.0000000 135.0000000 
195.0000000 135.0000000 
210.0000000 135.0000000 
225.0000000 135.0000000 
240.0000000 135.0000000 
0.0000000 150.0000000 
15.0000000 150.0000000 
30.0000000 150.0000000 
45.0000000 150.0000000 
60.0000000 150.0000000 
75.0000000 150.0000000 
90.0000000 150.0000000 
105.0000000 150.0000000 
120.0000000 150.0000000 
135.0000000 150.0000000 
150.0000000 150.0000000 
165.0000000 150.0000000 
180.0000000 150.0000000 
195.0000000 150.0000000 
210.0000000 150.0000000 
225.0000000 150.0000000 
240.0000000 150.0000000 
0.0000000 165.0000000 
15.0000000 165.0000000 
30.0000000 165.0000000 
45.0000000 165.0000000 
60.0000000 165.0000000 
75.0000000 165.0000000 
90.0000000 165.0000000 
105.0000000 165.0000000 
120.0000000 165.0000000 
135.0000000 165.0000000 
150.0000000 165.0000000 
165.0000000 165.0000000 
180.0000000 165.0000000 
195.0000000 165.0000000 
210.0000000 165.0000000 
225.0000000 165.0000000 
240.0000000 165.0000000 
0.0000000 180.0000000 
15.0000000 180.0000000 
30.0000000 180.0000000 
45.0000000 180.0000000 
60.0000000 180.0000000 
75.0000000 180.0000000 
90.0000000 180.0000000 
105.0000000 180.0000000 
120.0000000 180.0000000 
135.0000000 180.0000000 
150.0000000 180.0000000 
165.0000000 180.0000000 
180.0000000 180.0000000 
195.0000000 180.0000000 
210.0000000 180.0000000 
225.0000000 180.0000000 
240.0000000 180.0000000 
0.0000000 195.0000000 
15.0000000 195.0000000 
30.0000000 195.0000000 
45.0000000 195.0000000 
60.0000000 195.0000000 
75.0000000 195.0000000 
90.0000000 195.0000000 
105.0000000 195.0000000 
120.0000000 195.0000000 
135.0000000 195.0000000 
150.0000000 195.0000000 
165.0000000 195.0000000 
180.0000000 195.0000000 
195.0000000 195.0000000 
210.0000000 195.0000000 
225.0000000 195.0000000 
240.0000000 195.0000000 
############
************
0.0000000 0.0000000 
15.0000000 0.0000000 
30.0000000 0.0000000 
45.0000000 0.0000000 
60.0000000 0.0000000 
75.0000000 0.0000000 
90.0000000 0.0000000 
105.0000000 0.0000000 
120.0000000 0.0000000 
135.0000000 0.0000000 
150.0000000 0.0000000 
165.0000000 0.0000000 
180.0000000 0.0000000 
195.0000000 0.0000000 
210.0000000 0.0000000 
225.0000000 0.0000000 
240.0000000 0.0000000 
0.0000000 15.0000000 
15.0000000 15.0000000 
30.0000000 15.0000000 
45.0000000 15.0000000 
60.0000000 15.0000000 
75.0000000 15.0000000 
90.0000000 15.0000000 
105.0000000 15.0000000 
120.0000000 15.0000000 
135.0000000 15.0000000 
150.0000000 15.0000000 
165.0000000 15.0000000 
180.0000000 15.0000000 
195.0000000 15.0000000 
210.0000000 15.0000000 
225.0000000 15.0000000 
240.0000000 15.0000000 
0.0000000 30.0000000 
15.0000000 30.0000000 
30.0000000 30.0000000 
45.0000000 30.0000000 
60.0000000 30.0000000 
75.0000000 30.0000000 
90.0000000 30.0000000 
105.0000000 30.0000000 
120.0000000 30.0000000 
135.0000000 30.0000000 
150.0000000 30.0000000 
165.0000000 30.0000000 
180.0000000 30.0000000 
195.0000000 30.0000000 
210.0000000 30.0000000 
225.0000000 30.0000000 
240.0000000 30.0000000 
0.0000000 45.0000000 
15.0000000 45.0000000 
30.0000000 45.0000000 
45.0000000 45.0000000 
60.0000000 45.0000000 
75.0000000 45.0000000 
90.0000000 45.0000000 
105.0000000 45.0000000 
120.0000000 45.0000000 
135.0000000 45.0000000 
150.0000000 45.0000000 
165.0000000 45.0000000 
180.0000000 45.0000000 
195.0000000 45.0000000 
210.0000000 45.0000000 
225.0000000 45.0000000 
240.0000000 45.0000000 
0.0000000 60.0000000 
15.0000000 60.0000000 
30.0000000 60.0000000 
45.0000000 60.0000000 
60.0000000 60.0000000 
75.0000000 60.0000000 
90.0000000 60.0000000 
105.0000000 60.0000000 
120.0000000 60.0000000 
135.0000000 60.0000000 
150.0000000 60.0000000 
165.0000000 60.0000000 
180.0000000 60.0000000 
195.0000000 60.0000000 
210.0000000 60.0000000 
225.0000000 60.0000000 
240.0000000 60.0000000 
0.0000000 75.0000000 
15.0000000 75.0000000 
30.0000000 75.0000000 
45.0000000 75.0000000 
60.0000000 75.0000000 
75.0000000 75.0000000 
90.0000000 75.0000000 
105.0000000 75.0000000 
120.0000000 75.0000000 
135.0000000 75.0000000 
150.0000000 75.0000000 
165.0000000 75.0000000 
180.0000000 75.0000000 
195.0000000 75.0000000 
210.0000000 75.0000000 
225.0000000 75.0000000 
240.0000000 75.0000000 
0.0000000 90.0000000 
15.0000000 90.0000000 
30.0000000 90.0000000 
45.0000000 90.0000000 
60.0000000 90.0000000 
75.0000000 90.0000000 
90.0000000 90.0000000 
105.0000000 90.0000000 
120.0000000 90.0000000 
135.0000000 90.0000000 
150.0000000 90.0000000 
165.0000000 90.0000000 
180.0000000 90.0000000 
195.0000000 90.0000000 
210.0000000 90.0000000 
225.0000000 90.0000000 
240.0000000 90.0000000 
0.0000000 105.0000000 
15.0000000 105.0000000 
30.0000000 105.0000000 
45.0000000 105.0000000 
60.0000000 105.0000000 
75.0000000 105.0000000 
90.0000000 105.0000000 
105.0000000 105.0000000 
120.0000000 105.0000000 
135.0000000 105.0000000 
150.0000000 105.0000000 
165.0000000 105.0000000 
180.0000000 105.0000000 
195.0000000 105.0000000 
210.0000000 105.0000000 
225.0000000 105.0000000 
240.0000000 105.0000000 
0.0000000 120.0000000 
15.0000000 120.0000000 
30.0000000 120.0000000 
45.0000000 120.0000000 
60.0000000 120.0000000 
75.0000000 120.0000000 
90.0000000 120.0000000 
105.0000000 120.0000000 
120.0000000 120.0000000 
135.0000000 120.0000000 
150.0000000 120.0000000 
165.0000000 120.0000000 
180.0000000 120.0000000 
195.0000000 120.0000000 
210.0000000 120.0000000 
225.0000000 120.0000000 
240.0000000 120.0000000 
0.0000000 135.0000000 
15.0000000 135.0000000 
30.0000000 135.0000000 
45.0000000 135.0000000 
60.0000000 135.0000000 
75.0000000 135.0000000 
90.0000000 135.0000000 
105.0000000 135.0000000 
120.0000000 135.0000000 
135.0000000 135.0000000 
150.0000000 135.0000000 
165.0000000 135.0000000 
180.0000000 135.0000000 
195.0000000 135.0000000 
210.0000000 135.0000000 
225.0000000 135.0000000 
240.0000000 135.0000000 
0.0000000 150.0000000 
15.0000000 150.0000000 
30.0000000 150.0000000 
45.0000000 150.0000000 
60.0000000 150.0000000 
75.0000000 150.0000000 
90.0000000 150.0000000 
105.0000000 150.0000000 
120.0000000 150.0000000 
135.0000000 150.0000000 
150.0000000 150.0000000 
165.0000000 150.0000000 
180.0000000 150.0000000 
195.0000000 150.0000000 
210.0000000 150.0000000 
225.0000000 150.0000000 
240.0000000 150.0000000 
0.0000000 165.0000000 
15.0000000 165.0000000 
30.0000000 165.0000000 
45.0000000 165.0000000 
60.0000000 165.0000000 
75.0000000 165.0000000 
90.0000000 165.0000000 
105.0000000 165.0000000 
120.0000000 165.0000000 
135.0000000 165.0000000 
150.0000000 165.0000000 
165.0000000 165.0000000 
180.0000000 165.0000000 
195.0000000 165.0000000 
210.0000000 165.0000000 
225.0000000 165.0000000 
240.0000000 165.0000000 
0.0000000 180.0000000 
15.0000000 180.0000000 
30.0000000 180.0000000 
45.0000000 180.0000000 
60.0000000 180.0000000 
75.0000000 180.0000000 
90.0000000 180.0000000 
105.0000000 180.0000000 
120.0000000 180.0000000 
135.0000000 180.0000000 
150.0000000 180.0000000 
165.0000000 180.0000000 
180.0000000 180.0000000 
195.0000000 180.0000000 
210.0000000 180.0000000 
225.0000000 180.0000000 
240.0000000 180.0000000 
0.0000000 195.0000000 
15.0000000 195.0000000 
30.0000000 195.0000000 
45.0000000 195.0000000 
60.0000000 195.0000000 
75.0000000 195.0000000 
90.0000000 195.0000000 
105.0000000 195.0000000 
120.0000000 195.0000000 
135.0000000 195.0000000 
150.0000000 195.0000000 
165.0000000 195.0000000 
180.0000000 195.0000000 
195.0000000 195.0000000 
210.0000000 195.0000000 
225.0000000 195.0000000 
240.0000000 195.0000000 
############
************
0.0000000 0.0000000 
15.0000000 0.0000000 
30.0000000 0.0000000 
45.0000000 0.0000000 
60.0000000 0.0000000 
75.0000000 0.0000000 
90.0000000 0.0000000 
105.0000000 0.0000000 
120.0000000 0.0000000 
135.0000000 0.0000000 
150.0000000 0.0000000 
165.0000000 0.0000000 
180.0000000 0.0000000 
195.0000000 0.0000000 
210.0000000 0.0000000 
225.0000000 0.0000000 
240.0000000 0.0000000 
0.0000000 15.0000000 
15.0000000 15.0000000 
30.0000000 15.0000000 
45.0000000 15.0000000 
60.0000000 15.0000000 
75.0000000 15.0000000 
90.0000000 15.0000000 
105.0000000 15.0000000 
120.0000000 15.0000000 
135.0000000 15.0000000 
150.0000000 15.0000000 
165.0000000 15.0000000 
180.0000000 15.0000000 
195.0000000 15.0000000 
210.0000000 15.0000000 
225.0000000 15.0000000 
240.0000000 15.0000000 
0.0000000 30.0000000 
15.0000000 30.0000000 
30.0000000 30.0000000 
45.0000000 30.0000000 
60.0000000 30.0000000 
75.0000000 30.0000000 
90.0000000 30.0000000 
105.0000000 30.0000000 
120.0000000 30.0000000 
135.0000000 30.0000000 
150.0000000 30.0000000 
165.0000000 30.0000000 
180.0000000 30.0000000 
195.0000000 30.0000000 
210.0000000 30.0000000 
225.0000000 30.0000000 
240.0000000 30.0000000 
0.0000000 45.0000000 
15.0000000 45.0000000 
30.0000000 45.0000000 
45.0000000 45.0000000 
60.0000000 45.0000000 
75.0000000 45.0000000 
90.0000000 45.0000000 
105.0000000 45.0000000 
120.0000000 45.0000000 
135.0000000 45.0000000 
150.0000000 45.0000000 
165.0000000 45.0000000 
180.0000000 45.0000000 
195.0000000 45.0000000 
210.0000000 45.0000000 
225.0000000 45.0000000 
240.0000000 45.0000000 
0.0000000 60.0000000 
15.0000000 60.0000000 
30.0000000 60.0000000 
45.0000000 60.0000000 
60.0000000 60.0000000 
75.0000000 60.0000000 
90.0000000 60.0000000 
105.0000000 60.0000000 
120.0000000 60.0000000 
135.0000000 60.0000000 
150.0000000 60.0000000 
165.0000000 60.0000000 
180.0000000 60.0000000 
195.0000000 60.0000000 
210.0000000 60.0000000 
225.0000000 60.0000000 
240.0000000 60.0000000 
0.0000000 75.0000000 
15.0000000 75.0000000 
30.0000000 75.0000000 
45.0000000 75.0000000 
60.0000000 75.0000000 
75.0000000 75.0000000 
90.0000000 75.0000000 
105.0000000 75.0000000 
120.0000000 75.0000000 
135.0000000 75.0000000 
150.0000000 75.0000000 
165.0000000 75.0000000 
180.0000000 75.0000000 
195.0000000 75.0000000 
210.0000000 75.0000000 
225.0000000 75.0000000 
240.0000000 75.0000000 
0.0000000 90.0000000 
15.0000000 90.0000000 
30.0000000 90.0000000 
45.0000000 90.0000000 
60.0000000 90.0000000 
75.0000000 90.0000000 
90.0000000 90.0000000 
105.0000000 90.0000000 
120.0000000 90.0000000 
135.0000000 90.0000000 
150.0000000 90.0000000 
165.0000000 90.0000000 
180.0000000 90.0000000 
195.0000000 90.0000000 
210.0000000 90.0000000 
225.0000000 90.0000000 
240.0000000 90.0000000 
0.0000000 105.0000000 
15.0000000 105.0000000 
30.0000000 105.0000000 
45.0000000 105.0000000 
60.0000000 105.0000000 
75.0000000 105.0000000 
90.0000000 105.0000000 
105.0000000 105.0000000 
120.0000000 105.0000000 
135.0000000 105.0000000 
150.0000000 105.0000000 
165.0000000 105.0000000 
180.0000000 105.0000000 
195.0000000 105.0000000 
210.0000000 105.0000000 
225.0000000 105.0000000 
240.0000000 105.0000000 
0.0000000 120.0000000 
15.0000000 120.0000000 
30.0000000 120.0000000 
45.0000000 120.0000000 
60.0000000 120.0000000 
75.0000000 120.0000000 
90.0000000 120.0000000 
105.0000000 120.0000000 
120.0000000 120.0000000 
135.0000000 120.0000000 
150.0000000 120.0000000 
165.0000000 120.0000000 
180.0000000 120.0000000 
195.0000000 120.0000000 
210.0000000 120.0000000 
225.0000000 120.0000000 
240.0000000 120.0000000 
0.0000000 135.0000000 
15.0000000 135.0000000 
30.0000000 135.0000000 
45.0000000 135.0000000 
60.0000000 135.0000000 
75.0000000 135.0000000 
90.0000000 135.0000000 
105.0000000 135.0000000 
120.0000000 135.0000000 
135.0000000 135.0000000 
150.0000000 135.0000000 
165.0000000 135.0000000 
180.0000000 135.0000000 
195.0000000 135.0000000 
210.0000000 135.0000000 
225.0000000 135.0000000 
240.0000000 135.0000000 
0.0000000 150.0000000 
15.0000000 150.0000000 
30.0000000 150.0000000 
45.0000000 150.0000000 
60.0000000 150.0000000 
75.0000000 150.0000000 
90.0000000 150.0000000 
105.0000000 150.0000000 
120.0000000 150.0000000 
135.0000000 150.0000000 
150.0000000 150.0000000 
165.0000000 150.0000000 
180.0000000 150.0000000 
195.0000000 150.0000000 
210.0000000 150.0000000 
225.0000000 150.0000000 
240.0000000 150.0000000 
0.0000000 165.0000000 
15.0000000 165.0000000 
30.0000000 165.0000000 
45.0000000 165.0000000 
60.0000000 165.0000000 
75.0000000 165.0000000 
90.0000000 165.0000000 
105.0000000 165.0000000 
120.0000000 165.0000000 
135.0000000 165.0000000 
150.0000000 165.0000000 
165.0000000 165.0000000 
180.0000000 165.0000000 
195.0000000 165.0000000 
210.0000000 165.0000000 
225.0000000 165.0000000 
240.0000000 165.0000000 
0.0000000 180.0000000 
15.0000000 180.0000000 
30.0000000 180.0000000 
45.0000000 180.0000000 
60.0000000 180.0000000 
75.0000000 180.0000000 
90.0000000 180.0000000 
105.0000000 180.0000000 
120.0000000 180.0000000 
135.0000000 180.0000000 
150.0000000 180.0000000 
165.0000000 180.0000000 
180.0000000 180.0000000 
195.0000000 180.0000000 
210.0000000 180.0000000 
225.0000000 180.0000000 
240.0000000 180.0000000 
0.0000000 195.0000000 
15.0000000 195.0000000 
30.0000000 195.0000000 
45.0000000 195.0000000 
60.0000000 195.0000000 
75.0000000 195.0000000 
90.0000000 195.0000000 
105.0000000 195.0000000 
120.0000000 195.0000000 
135.0000000 195.0000000 
150.0000000 195.0000000 
165.0000000 195.0000000 
180.0000000 195.0000000 
195.0000000 195.0000000 
210.0000000 195.0000000 
225.0000000 195.0000000 
240.0000000 195.0000000 
############
************
0.0000000 0.0000000 
15.0000000 0.0000000 
30.0000000 0.0000000 
45.0000000 0.0000000 
60.0000000 0.0000000 
75.0000000 0.0000000 
90.0000000 0.0000000 
105.0000000 0.0000000 
120.0000000 0.0000000 
135.0000000 0.0000000 
150.0000000 0.0000000 
165.0000000 0.0000000 
180.0000000 0.0000000 
195.0000000 0.0000000 
210.0000000 0.0000000 
225.0000000 0.0000000 
240.0000000 0.0000000 
0.0000000 15.0000000 
15.0000000 15.0000000 
30.0000000 15.0000000 
45.0000000 15.0000000 
60.0000000 15.0000000 
75.0000000 15.0000000 
90.0000000 15.0000000 
105.0000000 15.0000000 
120.0000000 15.0000000 
135.0000000 15.0000000 
150.0000000 15.0000000 
165.0000000 15.0000000 
180.0000000 15.0000000 
195.0000000 15.0000000 
210.0000000 15.0000000 
225.0000000 15.0000000 
240.0000000 15.0000000 
0.0000000 30.0000000 
15.0000000 30.0000000 
30.0000000 30.0000000 
45.0000000 30.0000000 
60.0000000 30.0000000 
75.0000000 30.0000000 
90.0000000 30.0000000 
105.0000000 30.0000000 
120.0000000 30.0000000 
135.0000000 30.0000000 
150.0000000 30.0000000 
165.0000000 30.0000000 
180.0000000 30.0000000 
195.0000000 30.0000000 
210.0000000 30.0000000 
225.0000000 30.0000000 
240.0000000 30.0000000 
0.0000000 45.0000000 
15.0000000 45.0000000 
30.0000000 45.0000000 
45.0000000 45.0000000 
60.0000000 45.0000000 
75.0000000 45.0000000 
90.0000000 45.0000000 
105.0000000 45.0000000 
120.0000000 45.0000000 
135.0000000 45.0000000 
150.0000000 45.0000000 
165.0000000 45.0000000 
180.0000000 45.0000000 
195.0000000 45.0000000 
210.0000000 45.0000000 
225.0000000 45.0000000 
240.0000000 45.0000000 
0.0000000 60.0000000 
15.0000000 60.0000000 
30.0000000 60.0000000 
45.0000000 60.0000000 
60.0000000 60.0000000 
75.0000000 60.0000000 
90.0000000 60.0000000 
105.0000000 60.0000000 
120.0000000 60.0000000 
135.0000000 60.0000000 
150.0000000 60.0000000 
165.0000000 60.0000000 
180.0000000 60.0000000 
195.0000000 60.0000000 
210.0000000 60.0000000 
225.0000000 60.0000000 
240.0000000 60.0000000 
0.0000000 75.0000000 
15.0000000 75.0000000 
30.0000000 75.0000000 
45.0000000 75.0000000 
60.0000000 75.0000000 
75.0000000 75.0000000 
90.0000000 75.0000000 
105.0000000 75.0000000 
120.0000000 75.0000000 
135.0000000 75.0000000 
150.0000000 75.0000000 
165.0000000 75.0000000 
180.0000000 75.0000000 
195.0000000 75.0000000 
210.0000000 75.0000000 
225.0000000 75.0000000 
240.0000000 75.0000000 
0.0000000 90.0000000 
15.0000000 90.0000000 
30.0000000 90.0000000 
45.0000000 90.0000000 
60.0000000 90.0000000 
75.0000000 90.0000000 
90.0000000 90.0000000 
105.0000000 90.0000000 
120.0000000 90.0000000 
135.0000000 90.0000000 
150.0000000 90.0000000 
165.0000000 90.0000000 
180.0000000 90.0000000 
195.0000000 90.0000000 
210.0000000 90.0000000 
225.0000000 90.0000000 
240.0000000 90.0000000 
0.0000000 105.0000000 
15.0000000 105.0000000 
30.0000000 105.0000000 
45.0000000 105.0000000 
60.0000000 105.0000000 
75.0000000 105.0000000 
90.0000000 105.0000000 
105.0000000 105.0000000 
120.0000000 105.0000000 
135.0000000 105.0000000 
150.0000000 105.0000000 
165.0000000 105.0000000 
180.0000000 105.0000000 
195.0000000 105.0000000 
210.0000000 105.0000000 
225.0000000 105.0000000 
240.0000000 105.0000000 
0.0000000 120.0000000 
15.0000000 120.0000000 
30.0000000 120.0000000 
45.0000000 120.0000000 
60.0000000 120.0000000 
75.0000000 120.0000000 
90.0000000 120.0000000 
105.0000000 120.0000000 
120.0000000 120.0000000 
135.0000000 120.0000000 
150.0000000 120.0000000 
165.0000000 120.0000000 
180.0000000 120.0000000 
195.0000000 120.0000000 
210.0000000 120.0000000 
225.0000000 120.0000000 
240.0000000 120.0000000 
0.0000000 135.0000000 
15.0000000 135.0000000 
30.0000000 135.0000000 
45.0000000 135.0000000 
60.0000000 135.0000000 
75.0000000 135.0000000 
90.0000000 135.0000000 
105.0000000 135.0000000 
120.0000000 135.0000000 
135.0000000 135.0000000 
150.0000000 135.0000000 
165.0000000 135.0000000 
180.0000000 135.0000000 
195.0000000 135.0000000 
210.0000000 135.0000000 
225.0000000 135.0000000 
240.0000000 135.0000000 
0.0000000 150.0000000 
15.0000000 150.0000000 
30.0000000 150.0000000 
45.0000000 150.0000000 
60.0000000 150.0000000 
75.0000000 150.0000000 
90.0000000 150.0000000 
105.0000000 150.0000000 
120.0000000 150.0000000 
135.0000000 150.0000000 
150.0000000 150.0000000 
165.0000000 150.0000000 
180.0000000 150.0000000 
195.0000000 150.0000000 
210.0000000 150.0000000 
225.0000000 150.0000000 
240.0000000 150.0000000 
0.0000000 165.0000000 
15.0000000 165.0000000 
30.0000000 165.0000000 
45.0000000 165.0000000 
60.0000000 165.0000000 
75.0000000 165.0000000 
90.0000000 165.0000000 
105.0000000 165.0000000 
120.0000000 165.0000000 
135.0000000 165.0000000 
150.0000000 165.0000000 
165.0000000 165.0000000 
180.0000000 165.0000000 
195.0000000 165.0000000 
210.0000000 165.0000000 
225.0000000 165.0000000 
240.0000000 165.0000000 
0.0000000 180.0000000 
15.0000000 180.0000000 
30.0000000 180.0000000 
45.0000000 180.0000000 
60.0000000 180.0000000 
75.0000000 180.0000000 
90.0000000 180.0000000 
105.0000000 180.0000000 
120.0000000 180.0000000 
135.0000000 180.0000000 
150.0000000 180.0000000 
165.0000000 180.0000000 
180.0000000 180.0000000 
195.0000000 180.0000000 
210.0000000 180.0000000 
225.0000000 180.0000000 
240.0000000 180.0000000 
0.0000000 195.0000000 
15.0000000 195.0000000 
30.0000000 195.0000000 
45.0000000 195.0000000 
60.0000000 195.0000000 
75.0000000 195.0000000 
90.0000000 195.0000000 
105.0000000 195.0000000 
120.0000000 195.0000000 
135.0000000 195.0000000 
150.0000000 195.0000000 
165.0000000 195.0000000 
180.0000000 195.0000000 
195.0000000 195.0000000 
210.0000000 195.0000000 
225.0000000 195.0000000 
240.0000000 195.0000000 
############
************
0.0000000 0.0000000 
15.0000000 0.0000000 
30.0000000 0.0000000 
45.0000000 0.0000000 
60.0000000 0.0000000 
75.0000000 0.0000000 
90.0000000 0.0000000 
105.0000000 0.0000000 
120.0000000 0.0000000 
135.0000000 0.0000000 
150.0000000 0.0000000 
165.0000000 0.0000000 
180.0000000 0.0000000 
195.0000000 0.0000000 
210.0000000 0.0000000 
225.0000000 0.0000000 
240.0000000 0.0000000 
0.0000000 15.0000000 
15.0000000 15.0000000 
30.0000000 15.0000000 
45.0000000 15.0000000 
60.0000000 15.0000000 
75.0000000 15.0000000 
90.0000000 15.0000000 
105.0000000 15.0000000 
120.0000000 15.0000000 
135.0000000 15.0000000 
150.0000000 15.0000000 
165.0000000 15.0000000 
180.0000000 15.0000000 
195.0000000 15.0000000 
210.0000000 15.0000000 
225.0000000 15.0000000 
240.0000000 15.0000000 
0.0000000 30.0000000 
15.0000000 30.0000000 
30.0000000 30.0000000 
45.0000000 30.0000000 
60.0000000 30.0000000 
75.0000000 30.0000000 
90.0000000 30.0000000 
105.0000000 30.0000000 
120.0000000 30.0000000 
135.0000000 30.0000000 
150.0000000 30.0000000 
165.0000000 30.0000000 
180.0000000 30.0000000 
195.0000000 30.0000000 
210.0000000 30.0000000 
225.0000000 30.0000000 
240.0000000 30.0000000 
0.0000000 45.0000000 
15.0000000 45.0000000 
30.0000000 45.0000000 
45.0000000 45.0000000 
60.0000000 45.0000000 
75.0000000 45.0000000 
90.0000000 45.0000000 
105.0000000 45.0000000 
120.0000000 45.0000000 
135.0000000 45.0000000 
150.0000000 45.0000000 
165.0000000 45.0000000 
180.0000000 45.0000000 
195.0000000 45.0000000 
210.0000000 45.0000000 
225.0000000 45.0000000 
240.0000000 45.0000000 
0.0000000 60.0000000 
15.0000000 60.0000000 
30.0000000 60.0000000 
45.0000000 60.0000000 
60.0000000 60.0000000 
75.0000000 60.0000000 
90.0000000 60.0000000 
105.0000000 60.0000000 
120.0000000 60.0000000 
135.0000000 60.0000000 
150.0000000 60.0000000 
165.0000000 60.0000000 
180.0000000 60.0000000 
195.0000000 60.0000000 
210.0000000 60.0000000 
225.0000000 60.0000000 
240.0000000 60.0000000 
0.0000000 75.0000000 
15.0000000 75.0000000 
30.0000000 75.0000000 
45.0000000 75.0000000 
60.0000000 75.0000000 
75.0000000 75.0000000 
90.0000000 75.0000000 
105.0000000 75.0000000 
120.0000000 75.0000000 
135.0000000 75.0000000 
150.0000000 75.0000000 
165.0000000 75.0000000 
180.0000000 75.0000000 
195.0000000 75.0000000 
210.0000000 75.0000000 
225.0000000 75.0000000 
240.0000000 75.0000000 
0.0000000 90.0000000 
15.0000000 90.0000000 
30.0000000 90.0000000 
45.0000000 90.0000000 
60.0000000 90.0000000 
75.0000000 90.0000000 
90.0000000 90.0000000 
105.0000000 90.0000000 
120.0000000 90.0000000 
135.0000000 90.0000000 
150.0000000 90.0000000 
165.0000000 90.0000000 
180.0000000 90.0000000 
195.0000000 90.0000000 
210.0000000 90.0000000 
225.0000000 90.0000000 
240.0000000 90.0000000 
0.0000000 105.0000000 
15.0000000 105.0000000 
30.0000000 105.0000000 
45.0000000 105.0000000 
60.0000000 105.0000000 
75.0000000 105.0000000 
90.0000000 105.0000000 
105.0000000 105.0000000 
120.0000000 105.0000000 
135.0000000 105.0000000 
150.0000000 105.0000000 
165.0000000 105.0000000 
180.0000000 105.0000000 
195.0000000 105.0000000 
210.0000000 105.0000000 
225.0000000 105.0000000 
240.0000000 105.0000000 
0.0000000 120.0000000 
15.0000000 120.0000000 
30.0000000 120.0000000 
45.0000000 120.0000000 
60.0000000 120.0000000 
75.0000000 120.0000000 
90.0000000 120.0000000 
105.0000000 120.0000000 
120.0000000 120.0000000 
135.0000000 120.0000000 
150.0000000 120.0000000 
165.0000000 120.0000000 
180.0000000 120.0000000 
195.0000000 120.0000000 
210.0000000 120.0000000 
225.0000000 120.0000000 
240.0000000 120.0000000 
0.0000000 135.0000000 
15.0000000 135.0000000 
30.0000000 135.0000000 
45.0000000 135.0000000 
60.0000000 135.0000000 
75.0000000 135.0000000 
90.0000000 135.0000000 
105.0000000 135.0000000 
120.0000000 135.0000000 
135.0000000 135.0000000 
150.0000000 135.0000000 
165.0000000 135.0000000 
180.0000000 135.0000000 
195.0000000 135.0000000 
210.0000000 135.0000000 
225.0000000 135.0000000 
240.0000000 135.0000000 
0.0000000 150.0000000 
15.0000000 150.0000000 
30.0000000 150.0000000 
45.0000000 150.0000000 
60.0000000 150.0000000 
75.0000000 150.0000000 
90.0000000 150.0000000 
105.0000000 150.0000000 
120.0000000 150.0000000 
135.0000000 150.0000000 
150.0000000 150.0000000 
165.0000000 150.0000000 
180.0000000 150.0000000 
195.0000000 150.0000000 
210.0000000 150.0000000 
225.0000000 150.0000000 
240.0000000 150.0000000 
0.0000000 165.0000000 
15.0000000 165.0000000 
30.0000000 165.0000000 
45.0000000 165.0000000 
60.0000000 165.0000000 
75.0000000 165.0000000 
90.0000000 165.0000000 
105.0000000 165.0000000 
120.0000000 165.0000000 
135.0000000 165.0000000 
150.0000000 165.0000000 
165.0000000 165.0000000 
180.0000000 165.0000000 
195.0000000 165.0000000 
210.0000000 165.0000000 
225.0000000 165.0000000 
240.0000000 165.0000000 
0.0000000 180.0000000 
15.0000000 180.0000000 
30.0000000 180.0000000 
45.0000000 180.0000000 
60.0000000 180.0000000 
75.0000000 180.0000000 
90.0000000 180.0000000 
105.0000000 180.0000000 
120.0000000 180.0000000 
135.0000000 180.0000000 
150.0000000 180.0000000 
165.0000000 180.0000000 
180.0000000 180.0000000 
195.0000000 180.0000000 
210.0000000 180.0000000 
225.0000000 180.0000000 
240.0000000 180.0000000 
0.0000000 195.0000000 
15.0000000 195.0000000 
30.0000000 195.0000000 
45.0000000 195.0000000 
60.0000000 195.0000000 
75.0000000 195.0000000 
90.0000000 195.0000000 
105.0000000 195.0000000 
120.0000000 195.0000000 
135.0000000 195.0000000 
150.0000000 195.0000000 
165.0000000 195.0000000 
180.0000000 195.0000000 
195.0000000 195.0000000 
210.0000000 195.0000000 
225.0000000 195.0000000 
240.0000000 195.0000000 
############
************
0.0000000 0.0000000 
15.0000000 0.0000000 
30.0000000 0.0000000 
45.0000000 0.0000000 
60.0000000 0.0000000 
75.0000000 0.0000000 
90.0000000 0.0000000 
105.0000000 0.0000000 
120.0000000 0.0000000 
135.0000000 0.0000000 
150.0000000 0.0000000 
165.0000000 0.0000000 
180.0000000 0.0000000 
195.0000000 0.0000000 
210.0000000 0.0000000 
225.0000000 0.0000000 
240.0000000 0.0000000 
0.0000000 15.0000000 
15.0000000 15.0000000 
30.0000000 15.0000000 
45.0000000 15.0000000 
60.0000000 15.0000000 
75.0000000 15.0000000 
90.0000000 15.0000000 
105.0000000 15.0000000 
120.0000000 15.0000000 
135.0000000 15.0000000 
150.0000000 15.0000000 
165.0000000 15.0000000 
180.0000000 15.0000000 
195.0000000 15.0000000 
210.0000000 15.0000000 
225.0000000 15.0000000 
240.0000000 15.0000000 
0.0000000 30.0000000 
15.0000000 30.0000000 
30.0000000 30.0000000 
45.0000000 30.0000000 
60.0000000 30.0000000 
75.0000000 30.0000000 
90.0000000 30.0000000 
105.0000000 30.0000000 
120.0000000 30.0000000 
135.0000000 30.0000000 
150.0000000 30.0000000 
165.0000000 30.0000000 
180.0000000 30.0000000 
195.0000000 30.0000000 
210.0000000 30.0000000 
225.0000000 30.0000000 
240.0000000 30.0000000 
0.0000000 45.0000000 
15.0000000 45.0000000 
30.0000000 45.0000000 
45.0000000 45.0000000 
60.0000000 45.0000000 
75.0000000 45.0000000 
90.0000000 45.0000000 
105.0000000 45.0000000 
120.0000000 45.0000000 
135.0000000 45.0000000 
150.0000000 45.0000000 
165.0000000 45.0000000 
180.0000000 45.0000000 
195.0000000 45.0000000 
210.0000000 45.0000000 
225.0000000 45.0000000 
240.0000000 45.0000000 
0.0000000 60.0000000 
15.0000000 60.0000000 
30.0000000 60.0000000 
45.0000000 60.0000000 
60.0000000 60.0000000 
75.0000000 60.0000000 
90.0000000 60.0000000 
105.0000000 60.0000000 
120.0000000 60.0000000 
135.0000000 60.0000000 
150.0000000 60.0000000 
165.0000000 60.0000000 
180.0000000 60.0000000 
195.0000000 60.0000000 
210.0000000 60.0000000 
225.0000000 60.0000000 
240.0000000 60.0000000 
0.0000000 75.0000000 
15.0000000 75.0000000 
30.0000000 75.0000000 
45.0000000 75.0000000 
60.0000000 75.0000000 
75.0000000 75.0000000 
90.0000000 75.0000000 
105.0000000 75.0000000 
120.0000000 75.0000000 
135.0000000 75.0000000 
150.0000000 75.0000000 
165.0000000 75.0000000 
180.0000000 75.0000000 
195.0000000 75.0000000 
210.0000000 75.0000000 
225.0000000 75.0000000 
240.0000000 75.0000000 
0.0000000 90.0000000 
15.0000000 90.0000000 
30.0000000 90.0000000 
45.0000000 90.0000000 
60.0000000 90.0000000 
75.0000000 90.0000000 
90.0000000 90.0000000 
105.0000000 90.0000000 
120.0000000 90.0000000 
135.0000000 90.0000000 
150.0000000 90.0000000 
165.0000000 90.0000000 
180.0000000 90.0000000 
195.0000000 90.0000000 
210.0000000 90.0000000 
225.0000000 90.0000000 
240.0000000 90.0000000 
0.0000000 105.0000000 
15.0000000 105.0000000 
30.0000000 105.0000000 
45.0000000 105.0000000 
60.0000000 105.0000000 
75.0000000 105.0000000 
90.0000000 105.0000000 
105.0000000 105.0000000 
120.0000000 105.0000000 
135.0000000 105.0000000 
150.0000000 105.0000000 
165.0000000 105.0000000 
180.0000000 105.0000000 
195.0000000 105.0000000 
210.0000000 105.0000000 
225.0000000 105.0000000 
240.0000000 105.0000000 
0.0000000 120.0000000 
15.0000000 120.0000000 
30.0000000 120.0000000 
45.0000000 120.0000000 
60.0000000 120.0000000 
75.0000000 120.0000000 
90.0000000 120.0000000 
105.0000000 120.0000000 
120.0000000 120.0000000 
135.0000000 120.0000000 
150.0000000 120.0000000 
165.0000000 120.0000000 
180.0000000 120.0000000 
195.0000000 120.0000000 
210.0000000 120.0000000 
225.0000000 120.0000000 
240.0000000 120.0000000 
0.0000000 135.0000000 
15.0000000 135.0000000 
30.0000000 135.0000000 
45.0000000 135.0000000 
60.0000000 135.0000000 
75.0000000 135.0000000 
90.0000000 135.0000000 
105.0000000 135.0000000 
120.0000000 135.0000000 
135.0000000 135.0000000 
150.0000000 135.0000000 
165.0000000 135.0000000 
180.0000000 135.0000000 
195.0000000 135.0000000 
210.0000000 135.0000000 
225.0000000 135.0000000 
240.0000000 135.0000000 
0.0000000 150.0000000 
15.0000000 150.0000000 
30.0000000 150.0000000 
45.0000000 150.0000000 
60.0000000 150.0000000 
75.0000000 150.0000000 
90.0000000 150.0000000 
105.0000000 150.0000000 
120.0000000 150.0000000 
135.0000000 150.0000000 
150.0000000 150.0000000 
165.0000000 150.0000000 
180.0000000 150.0000000 
195.0000000 150.0000000 
210.0000000 150.0000000 
225.0000000 150.0000000 
240.0000000 150.0000000 
0.0000000 165.0000000 
15.0000000 165.0000000 
30.0000000 165.0000000 
45.0000000 165.0000000 
60.0000000 165.0000000 
75.0000000 165.0000000 
90.0000000 165.0000000 
105.0000000 165.0000000 
120.0000000 165.0000000 
135.0000000 165.0000000 
150.0000000 165.0000000 
165.0000000 165.0000000 
180.0000000 165.0000000 
195.0000000 165.0000000 
210.0000000 165.0000000 
225.0000000 165.0000000 
240.0000000 165.0000000 
0.0000000 180.0000000 
15.0000000 180.0000000 
30.0000000 180.0000000 
45.0000000 180.0000000 
60.0000000 180.0000000 
75.0000000 180.0000000 
90.0000000 180.0000000 
105.0000000 180.0000000 
120.0000000 180.0000000 
135.0000000 180.0000000 
150.0000000 180.0000000 
165.0000000 180.0000000 
180.0000000 180.0000000 
195.0000000 180.0000000 
210.0000000 180.0000000 
225.0000000 180.0000000 
240.0000000 180.0000000 
0.0000000 195.0000000 
15.0000000 195.0000000 
30.0000000 195.0000000 
45.0000000 195.0000000 
60.0000000 195.0000000 
75.0000000 195.0000000 
90.0000000 195.0000000 
105.0000000 195.0000000 
120.0000000 195.0000000 
135.0000000 195.0000000 
150.0000000 195.0000000 
165.0000000 195.0000000 
180.0000000 195.0000000 
195.0000000 195.0000000 
210.0000000 195.0000000 
225.0000000 195.0000000 
240.0000000 195.0000000 
############
************
0.0000000 0.0000000 
15.0000000 0.0000000 
30.0000000 0.0000000 
45.0000000 0.0000000 
60.0000000 0.0000000 
75.0000000 0.0000000 
90.0000000 0.0000000 
105.0000000 0.0000000 
120.0000000 0.0000000 
135.0000000 0.0000000 
150.0000000 0.0000000 
165.0000000 0.0000000 
180.0000000 0.0000000 
195.0000000 0.0000000 
210.0000000 0.0000000 
225.0000000 0.0000000 
240.0000000 0.0000000 
0.0000000 15.0000000 
15.0000000 15.0000000 
30.0000000 15.0000000 
45.0000000 15.0000000 
60.0000000 15.0000000 
75.0000000 15.0000000 
90.0000000 15.0000000 
105.0000000 15.0000000 
120.0000000 15.0000000 
135.0000000 15.0000000 
150.0000000 15.0000000 
165.0000000 15.0000000 
180.0000000 15.0000000 
195.0000000 15.0000000 
210.0000000 15.0000000 
225.0000000 15.0000000 
240.0000000 15.0000000 
0.0000000 30.0000000 
15.0000000 30.0000000 
30.0000000 30.0000000 
45.0000000 30.0000000 
60.0000000 30.0000000 
75.0000000 30.0000000 
90.0000000 30.0000000 
105.0000000 30.0000000 
120.0000000 30.0000000 
135.0000000 30.0000000 
150.0000000 30.0000000 
165.0000000 30.0000000 
180.0000000 30.0000000 
195.0000000 30.0000000 
210.0000000 30.0000000 
225.0000000 30.0000000 
240.0000000 30.0000000 
0.0000000 45.0000000 
15.0000000 45.0000000 
30.0000000 45.0000000 
45.0000000 45.0000000 
60.0000000 45.0000000 
75.0000000 45.0000000 
90.0000000 45.0000000 
105.0000000 45.0000000 
120.0000000 45.0000000 
135.0000000 45.0000000 
150.0000000 45.0000000 
165.0000000 45.0000000 
180.0000000 45.0000000 
195.0000000 45.0000000 
210.0000000 45.0000000 
225.0000000 45.0000000 
240.0000000 45.0000000 
0.0000000 60.0000000 
15.0000000 60.0000000 
30.0000000 60.0000000 
45.0000000 60.0000000 
60.0000000 60.0000000 
75.0000000 60.0000000 
90.0000000 60.0000000 
105.0000000 60.0000000 
120.0000000 60.0000000 
135.0000000 60.0000000 
150.0000000 60.0000000 
165.0000000 60.0000000 
180.0000000 60.0000000 
195.0000000 60.0000000 
210.0000000 60.0000000 
225.0000000 60.0000000 
240.0000000 60.0000000 
0.0000000 75.0000000 
15.0000000 75.0000000 
30.0000000 75.0000000 
45.0000000 75.0000000 
60.0000000 75.0000000 
75.0000000 75.0000000 
90.0000000 75.0000000 
105.0000000 75.0000000 
120.0000000 75.0000000 
135.0000000 75.0000000 
150.0000000 75.0000000 
165.0000000 75.0000000 
180.0000000 75.0000000 
195.0000000 75.0000000 
210.0000000 75.0000000 
225.0000000 75.0000000 
240.0000000 75.0000000 
0.0000000 90.0000000 
15.0000000 90.0000000 
30.0000000 90.0000000 
45.0000000 90.0000000 
60.0000000 90.0000000 
75.0000000 90.0000000 
90.0000000 90.0000000 
105.0000000 90.0000000 
120.0000000 90.0000000 
135.0000000 90.0000000 
150.0000000 90.0000000 
165.0000000 90.0000000 
180.0000000 90.0000000 
195.0000000 90.0000000 
210.0000000 90.0000000 
225.0000000 90.0000000 
240.0000000 90.0000000 
0.0000000 105.0000000 
15.0000000 105.0000000 
30.0000000 105.0000000 
45.0000000 105.0000000 
60.0000000 105.0000000 
75.0000000 105.0000000 
90.0000000 105.0000000 
105.0000000 105.0000000 
120.0000000 105.0000000 
135.0000000 105.0000000 
150.0000000 105.0000000 
165.0000000 105.0000000 
180.0000000 105.0000000 
195.0000000 105.0000000 
210.0000000 105.0000000 
225.0000000 105.0000000 
240.0000000 105.0000000 
0.0000000 120.0000000 
15.0000000 120.0000000 
30.0000000 120.0000000 
45.0000000 120.0000000 
60.0000000 120.0000000 
75.0000000 120.0000000 
90.0000000 120.0000000 
105.0000000 120.0000000 
120.0000000 120.0000000 
135.0000000 120.0000000 
150.0000000 120.0000000 
165.0000000 120.0000000 
180.0000000 120.0000000 
195.0000000 120.0000000 
210.0000000 120.0000000 
225.0000000 120.0000000 
240.0000000 120.0000000 
0.0000000 135.0000000 
15.0000000 135.0000000 
30.0000000 135.0000000 
45.0000000 135.0000000 
60.0000000 135.0000000 
75.0000000 135.0000000 
90.0000000 135.0000000 
105.0000000 135.0000000 
120.0000000 135.0000000 
135.0000000 135.0000000 
150.0000000 135.0000000 
165.0000000 135.0000000 
180.0000000 135.0000000 
195.0000000 135.0000000 
210.0000000 135.0000000 
225.0000000 135.0000000 
240.0000000 135.0000000 
0.0000000 150.0000000 
15.0000000 150.0000000 
30.0000000 150.0000000 
45.0000000 150.0000000 
60.0000000 150.0000000 
75.0000000 150.0000000 
90.0000000 150.0000000 
105.0000000 150.0000000 
120.0000000 150.0000000 
135.0000000 150.0000000 
150.0000000 150.0000000 
165.0000000 150.0000000 
180.0000000 150.0000000 
195.0000000 150.0000000 
210.0000000 150.0000000 
225.0000000 150.0000000 
240.0000000 150.0000000 
0.0000000 165.0000000 
15.0000000 165.0000000 
30.0000000 165.0000000 
45.0000000 165.0000000 
60.0000000 165.0000000 
75.0000000 165.0000000 
90.0000000 165.0000000 
105.0000000 165.0000000 
120.0000000 165.0000000 
135.0000000 165.0000000 
150.0000000 165.0000000 
165.0000000 165.0000000 
180.0000000 165.0000000 
195.0000000 165.0000000 
210.0000000 165.0000000 
225.0000000 165.0000000 
240.0000000 165.0000000 
0.0000000 180.0000000 
15.0000000 180.0000000 
30.0000000 180.0000000 
45.0000000 180.0000000 
60.0000000 180.0000000 
75.0000000 180.0000000 
90.0000000 180.0000000 
105.0000000 180.0000000 
120.0000000 180.0000000 
135.0000000 180.0000000 
150.0000000 180.0000000 
165.0000000 180.0000000 
180.0000000 180.0000000 
195.0000000 180.0000000 
210.0000000 180.0000000 
225.0000000 180.0000000 
240.0000000 180.0000000 
0.0000000 195.0000000 
15.0000000 195.0000000 
30.0000000 195.0000000 
45.0000000 195.0000000 
60.0000000 195.0000000 
75.0000000 195.0000000 
90.0000000 195.0000000 
105.0000000 195.0000000 
120.0000000 195.0000000 
135.0000000 195.0000000 
150.0000000 195.0000000 
165.0000000 195.0000000 
180.0000000 195.0000000 
195.0000000 195.0000000 
210.0000000 195.0000000 
225.0000000 195.0000000 
240.0000000 195.0000000 
############
************
0.0000000 0.0000000 
15.0000000 0.0000000 
30.0000000 0.0000000 
45.0000000 0.0000000 
60.0000000 0.0000000 
75.0000000 0.0000000 
90.0000000 0.0000000 
105.0000000 0.0000000 
120.0000000 0.0000000 
135.0000000 0.0000000 
150.0000000 0.0000000 
165.0000000 0.0000000 
180.0000000 0.0000000 
195.0000000 0.0000000 
210.0000000 0.0000000 
225.0000000 0.0000000 
240.0000000 0.0000000 
0.0000000 15.0000000 
15.0000000 15.0000000 
30.0000000 15.0000000 
45.0000000 15.0000000 
60.0000000 15.0000000 
75.0000000 15.0000000 
90.0000000 15.0000000 
105.0000000 15.0000000 
120.0000000 15.0000000 
135.0000000 15.0000000 
150.0000000 15.0000000 
165.0000000 15.0000000 
180.0000000 15.0000000 
195.0000000 15.0000000 
210.0000000 15.0000000 
225.0000000 15.0000000 
240.0000000 15.0000000 
0.0000000 30.0000000 
15.0000000 30.0000000 
30.0000000 30.0000000 
45.0000000 30.0000000 
60.0000000 30.0000000 
75.0000000 30.0000000 
90.0000000 30.0000000 
105.0000000 30.0000000 
120.0000000 30.0000000 
135.0000000 30.0000000 
150.0000000 30.0000000 
165.0000000 30.0000000 
180.0000000 30.0000000 
195.0000000 30.0000000 
210.0000000 30.0000000 
225.0000000 30.0000000 
240.0000000 30.0000000 
0.0000000 45.0000000 
15.0000000 45.0000000 
30.0000000 45.0000000 
45.0000000 45.0000000 
60.0000000 45.0000000 
75.0000000 45.0000000 
90.0000000 45.0000000 
105.0000000 45.0000000 
120.0000000 45.0000000 
135.0000000 45.0000000 
150.0000000 45.0000000 
165.0000000 45.0000000 
180.0000000 45.0000000 
195.0000000 45.0000000 
210.0000000 45.0000000 
225.0000000 45.0000000 
240.0000000 45.0000000 
0.0000000 60.0000000 
15.0000000 60.0000000 
30.0000000 60.0000000 
45.0000000 60.0000000 
60.0000000 60.0000000 
75.0000000 60.0000000 
90.0000000 60.0000000 
105.0000000 60.0000000 
120.0000000 60.0000000 
135.0000000 60.0000000 
150.0000000 60.0000000 
165.0000000 60.0000000 
180.0000000 60.0000000 
195.0000000 60.0000000 
210.0000000 60.0000000 
225.0000000 60.0000000 
240.0000000 60.0000000 
0.0000000 75.0000000 
15.0000000 75.0000000 
30.0000000 75.0000000 
45.0000000 75.0000000 
60.0000000 75.0000000 
75.0000000 75.0000000 
90.0000000 75.0000000 
105.0000000 75.0000000 
120.0000000 75.0000000 
135.0000000 75.0000000 
150.0000000 75.0000000 
165.0000000 75.0000000 
180.0000000 75.0000000 
195.0000000 75.0000000 
210.0000000 75.0000000 
225.0000000 75.0000000 
240.0000000 75.0000000 
0.0000000 90.0000000 
15.0000000 90.0000000 
30.0000000 90.0000000 
45.0000000 90.0000000 
60.0000000 90.0000000 
75.0000000 90.0000000 
90.0000000 90.0000000 
105.0000000 90.0000000 
120.0000000 90.0000000 
135.0000000 90.0000000 
150.0000000 90.0000000 
165.0000000 90.0000000 
180.0000000 90.0000000 
195.0000000 90.0000000 
210.0000000 90.0000000 
225.0000000 90.0000000 
240.0000000 90.0000000 
0.0000000 105.0000000 
15.0000000 105.0000000 
30.0000000 105.0000000 
45.0000000 105.0000000 
60.0000000 105.0000000 
75.0000000 105.0000000 
90.0000000 105.0000000 
105.0000000 105.0000000 
120.0000000 105.0000000 
135.0000000 105.0000000 
150.0000000 105.0000000 
165.0000000 105.0000000 
180.0000000 105.0000000 
195.0000000 105.0000000 
210.0000000 105.0000000 
225.0000000 105.0000000 
240.0000000 105.0000000 
0.0000000 120.0000000 
15.0000000 120.0000000 
30.0000000 120.0000000 
45.0000000 120.0000000 
60.0000000 120.0000000 
75.0000000 120.0000000 
90.0000000 120.0000000 
105.0000000 120.0000000 
120.0000000 120.0000000 
135.0000000 120.0000000 
150.0000000 120.0000000 
165.0000000 120.0000000 
180.0000000 120.0000000 
195.0000000 120.0000000 
210.0000000 120.0000000 
225.0000000 120.0000000 
240.0000000 120.0000000 
0.0000000 135.0000000 
15.0000000 135.0000000 
30.0000000 135.0000000 
45.0000000 135.0000000 
60.0000000 135.0000000 
75.0000000 135.0000000 
90.0000000 135.0000000 
105.0000000 135.0000000 
120.0000000 135.0000000 
135.0000000 135.0000000 
150.0000000 135.0000000 
165.0000000 135.0000000 
180.0000000 135.0000000 
195.0000000 135.0000000 
210.0000000 135.0000000 
225.0000000 135.0000000 
240.0000000 135.0000000 
0.0000000 150.0000000 
15.0000000 150.0000000 
30.0000000 150.0000000 
45.0000000 150.0000000 
60.0000000 150.0000000 
75.0000000 150.0000000 
90.0000000 150.0000000 
105.0000000 150.0000000 
120.0000000 150.0000000 
135.0000000 150.0000000 
150.0000000 150.0000000 
165.0000000 150.0000000 
180.0000000 150.0000000 
195.0000000 150.0000000 
210.0000000 150.0000000 
225.0000000 150.0000000 
240.0000000 150.0000000 
0.0000000 165.0000000 
15.0000000 165.0000000 
30.0000000 165.0000000 
45.0000000 165.0000000 
60.0000000 165.0000000 
75.0000000 165.0000000 
90.0000000 165.0000000 
105.0000000 165.0000000 
120.0000000 165.0000000 
135.0000000 165.0000000 
150.0000000 165.0000000 
165.0000000 165.0000000 
180.0000000 165.0000000 
195.0000000 165.0000000 
210.0000000 165.0000000 
225.0000000 165.0000000 
240.0000000 165.0000000 
0.0000000 180.0000000 
15.0000000 180.0000000 
30.0000000 180.0000000 
45.0000000 180.0000000 
60.0000000 180.0000000 
75.0000000 180.0000000 
90.0000000 180.0000000 
105.0000000 180.0000000 
120.0000000 180.0000000 
135.0000000 180.0000000 
150.0000000 180.0000000 
165.0000000 180.0000000 
180.0000000 180.0000000 
195.0000000 180.0000000 
210.0000000 180.0000000 
225.0000000 180.0000000 
240.0000000 180.0000000 
0.0000000 195.0000000 
15.0000000 195.0000000 
30.0000000 195.0000000 
45.0000000 195.0000000 
60.0000000 195.0000000 
75.0000000 195.0000000 
90.0000000 195.0000000 
105.0000000 195.0000000 
120.0000000 195.0000000 
135.0000000 195.0000000 
150.0000000 195.0000000 
165.0000000 195.0000000 
180.0000000 195.0000000 
195.0000000 195.0000000 
210.0000000 195.0000000 
225.0000000 195.0000000 
240.0000000 195.0000000 
############
************
0.0000000 0.0000000 
15.0000000 0.0000000 
30.0000000 0.0000000 
45.0000000 0.0000000 
60.0000000 0.0000000 
75.0000000 0.0000000 
90.0000000 0.0000000 
105.0000000 0.0000000 
120.0000000 0.0000000 
135.0000000 0.0000000 
150.0000000 0.0000000 
165.0000000 0.0000000 
180.0000000 0.0000000 
195.0000000 0.0000000 
210.0000000 0.0000000 
225.0000000 0.0000000 
240.0000000 0.0000000 
0.0000000 15.0000000 
15.0000000 15.0000000 
30.0000000 15.0000000 
45.0000000 15.0000000 
60.0000000 15.0000000 
75.0000000 15.0000000 
90.0000000 15.0000000 
105.0000000 15.0000000 
120.0000000 15.0000000 
135.0000000 15.0000000 
150.0000000 15.0000000 
165.0000000 15.0000000 
180.0000000 15.0000000 
195.0000000 15.0000000 
210.0000000 15.0000000 
225.0000000 15.0000000 
240.0000000 15.0000000 
0.0000000 30.0000000 
15.0000000 30.0000000 
30.0000000 30.0000000 
45.0000000 30.0000000 
60.0000000 30.0000000 
75.0000000 30.0000000 
90.0000000 30.0000000 
105.0000000 30.0000000 
120.0000000 30.0000000 
135.0000000 30.0000000 
150.0000000 30.0000000 
165.0000000 30.0000000 
180.0000000 30.0000000 
195.0000000 30.0000000 
210.0000000 30.0000000 
225.0000000 30.0000000 
240.0000000 30.0000000 
0.0000000 45.0000000 
15.0000000 45.0000000 
30.0000000 45.0000000 
45.0000000 45.0000000 
60.0000000 45.0000000 
75.0000000 45.0000000 
90.0000000 45.0000000 
105.0000000 45.0000000 
120.0000000 45.0000000 
135.0000000 45.0000000 
150.0000000 45.0000000 
165.0000000 45.0000000 
180.0000000 45.0000000 
195.0000000 45.0000000 
210.0000000 45.0000000 
225.0000000 45.0000000 
240.0000000 45.0000000 
0.0000000 60.0000000 
15.0000000 60.0000000 
30.0000000 60.0000000 
45.0000000 60.0000000 
60.0000000 60.0000000 
75.0000000 60.0000000 
90.0000000 60.0000000 
105.0000000 60.0000000 
120.0000000 60.0000000 
135.0000000 60.0000000 
150.0000000 60.0000000 
165.0000000 60.0000000 
180.0000000 60.0000000 
195.0000000 60.0000000 
210.0000000 60.0000000 
225.0000000 60.0000000 
240.0000000 60.0000000 
0.0000000 75.0000000 
15.0000000 75.0000000 
30.0000000 75.0000000 
45.0000000 75.0000000 
60.0000000 75.0000000 
75.0000000 75.0000000 
90.0000000 75.0000000 
105.0000000 75.0000000 
120.0000000 75.0000000 
135.0000000 75.0000000 
150.0000000 75.0000000 
165.0000000 75.0000000 
180.0000000 75.0000000 
195.0000000 75.0000000 
210.0000000 75.0000000 
225.0000000 75.0000000 
240.0000000 75.0000000 
0.0000000 90.0000000 
15.0000000 90.0000000 
30.0000000 90.0000000 
45.0000000 90.0000000 
60.0000000 90.0000000 
75.0000000 90.0000000 
90.0000000 90.0000000 
105.0000000 90.0000000 
120.0000000 90.0000000 
135.0000000 90.0000000 
150.0000000 90.0000000 
165.0000000 90.0000000 
180.0000000 90.0000000 
195.0000000 90.0000000 
210.0000000 90.0000000 
225.0000000 90.0000000 
240.0000000 90.0000000 
0.0000000 105.0000000 
15.0000000 105.0000000 
30.0000000 105.0000000 
45.0000000 105.0000000 
60.0000000 105.0000000 
75.0000000 105.0000000 
90.0000000 105.0000000 
105.0000000 105.0000000 
120.0000000 105.0000000 
135.0000000 105.0000000 
150.0000000 105.0000000 
165.0000000 105.0000000 
180.0000000 105.0000000 
195.0000000 105.0000000 
210.0000000 105.0000000 
225.0000000 105.0000000 
240.0000000 105.0000000 
0.0000000 120.0000000 
15.0000000 120.0000000 
30.0000000 120.0000000 
45.0000000 120.0000000 
60.0000000 120.0000000 
75.0000000 120.0000000 
90.0000000 120.0000000 
105.0000000 120.0000000 
120.0000000 120.0000000 
135.0000000 120.0000000 
150.0000000 120.0000000 
165.0000000 120.0000000 
180.0000000 120.0000000 
195.0000000 120.0000000 
210.0000000 120.0000000 
225.0000000 120.0000000 
240.0000000 120.0000000 
0.0000000 135.0000000 
15.0000000 135.0000000 
30.0000000 135.0000000 
45.0000000 135.0000000 
60.0000000 135.0000000 
75.0000000 135.0000000 
90.0000000 135.0000000 
105.0000000 135.0000000 
120.0000000 135.0000000 
135.0000000 135.0000000 
150.0000000 135.0000000 
165.0000000 135.0000000 
180.0000000 135.0000000 
195.0000000 135.0000000 
210.0000000 135.0000000 
225.0000000 135.0000000 
240.0000000 135.0000000 
0.0000000 150.0000000 
15.0000000 150.0000000 
30.0000000 150.0000000 
45.0000000 150.0000000 
60.0000000 150.0000000 
75.0000000 150.0000000 
90.0000000 150.0000000 
105.0000000 150.0000000 
120.0000000 150.0000000 
135.0000000 150.0000000 
150.0000000 150.0000000 
165.0000000 150.0000000 
180.0000000 150.0000000 
195.0000000 150.0000000 
210.0000000 150.0000000 
225.0000000 150.0000000 
240.0000000 150.0000000 
0.0000000 165.0000000 
15.0000000 165.0000000 
30.0000000 165.0000000 
45.0000000 165.0000000 
60.0000000 165.0000000 
75.0000000 165.0000000 
90.0000000 165.0000000 
105.0000000 165.0000000 
120.0000000 165.0000000 
135.0000000 165.0000000 
150.0000000 165.0000000 
165.0000000 165.0000000 
180.0000000 165.0000000 
195.0000000 165.0000000 
210.0000000 165.0000000 
225.0000000 165.0000000 
240.0000000 165.0000000 
0.0000000 180.0000000 
15.0000000 180.0000000 
30.0000000 180.0000000 
45.0000000 180.0000000 
60.0000000 180.0000000 
75.0000000 180.0000000 
90.0000000 180.0000000 
105.0000000 180.0000000 
120.0000000 180.0000000 
135.0000000 180.0000000 
150.0000000 180.0000000 
165.0000000 180.0000000 
180.0000000 180.0000000 
195.0000000 180.0000000 
210.0000000 180.0000000 
225.0000000 180.0000000 
240.0000000 180.0000000 
0.0000000 195.0000000 
15.0000000 195.0000000 
30.0000000 195.0000000 
45.0000000 195.0000000 
60.0000000 195.0000000 
75.0000000 195.0000000 
90.0000000 195.0000000 
105.0000000 195.0000000 
120.0000000 195.0000000 
135.0000000 195.0000000 
150.0000000 195.0000000 
165.0000000 195.0000000 
180.0000000 195.0000000 
195.0000000 195.0000000 
210.0000000 195.0000000 
225.0000000 195.0000000 
240.0000000 195.0000000 
############
************
0.0000000 0.0000000 
15.0000000 0.0000000 
30.0000000 0.0000000 
45.0000000 0.0000000 
60.0000000 0.0000000 
75.0000000 0.0000000 
90.0000000 0.0000000 
105.0000000 0.0000000 
120.0000000 0.0000000 
135.0000000 0.0000000 
150.0000000 0.0000000 
165.0000000 0.0000000 
180.0000000 0.0000000 
195.0000000 0.0000000 
210.0000000 0.0000000 
225.0000000 0.0000000 
240.0000000 0.0000000 
0.0000000 15.0000000 
15.0000000 15.0000000 
30.0000000 15.0000000 
45.0000000 15.0000000 
60.0000000 15.0000000 
75.0000000 15.0000000 
90.0000000 15.0000000 
105.0000000 15.0000000 
120.0000000 15.0000000 
135.0000000 15.0000000 
150.0000000 15.0000000 
165.0000000 15.0000000 
180.0000000 15.0000000 
195.0000000 15.0000000 
210.0000000 15.0000000 
225.0000000 15.0000000 
240.0000000 15.0000000 
0.0000000 30.0000000 
15.0000000 30.0000000 
30.0000000 30.0000000 
45.0000000 30.0000000 
60.0000000 30.0000000 
75.0000000 30.0000000 
90.0000000 30.0000000 
105.0000000 30.0000000 
120.0000000 30.0000000 
135.0000000 30.0000000 
150.0000000 30.0000000 
165.0000000 30.0000000 
180.0000000 30.0000000 
195.0000000 30.0000000 
210.0000000 30.0000000 
225.0000000 30.0000000 
240.0000000 30.0000000 
0.0000000 45.0000000 
15.0000000 45.0000000 
30.0000000 45.0000000 
45.0000000 45.0000000 
60.0000000 45.0000000 
75.0000000 45.0000000 
90.0000000 45.0000000 
105.0000000 45.0000000 
120.0000000 45.0000000 
135.0000000 45.0000000 
150.0000000 45.0000000 
165.0000000 45.0000000 
180.0000000 45.0000000 
195.0000000 45.0000000 
210.0000000 45.0000000 
225.0000000 45.0000000 
240.0000000 45.0000000 
0.0000000 60.0000000 
15.0000000 60.0000000 
30.0000000 60.0000000 
45.0000000 60.0000000 
60.0000000 60.0000000 
75.0000000 60.0000000 
90.0000000 60.0000000 
105.0000000 60.0000000 
120.0000000 60.0000000 
135.0000000 60.0000000 
150.0000000 60.0000000 
165.0000000 60.0000000 
180.0000000 60.0000000 
195.0000000 60.0000000 
210.0000000 60.0000000 
225.0000000 60.0000000 
240.0000000 60.0000000 
0.0000000 75.0000000 
15.0000000 75.0000000 
30.0000000 75.0000000 
45.0000000 75.0000000 
60.0000000 75.0000000 
75.0000000 75.0000000 
90.0000000 75.0000000 
105.0000000 75.0000000 
120.0000000 75.0000000 
135.0000000 75.0000000 
150.0000000 75.0000000 
165.0000000 75.0000000 
180.0000000 75.0000000 
195.0000000 75.0000000 
210.0000000 75.0000000 
225.0000000 75.0000000 
240.0000000 75.0000000 
0.0000000 90.0000000 
15.0000000 90.0000000 
30.0000000 90.0000000 
45.0000000 90.0000000 
60.0000000 90.0000000 
75.0000000 90.0000000 
90.0000000 90.0000000 
105.0000000 90.0000000 
120.0000000 90.0000000 
135.0000000 90.0000000 
150.0000000 90.0000000 
165.0000000 90.0000000 
180.0000000 90.0000000 
195.0000000 90.0000000 
210.0000000 90.0000000 
225.0000000 90.0000000 
240.0000000 90.0000000 
0.0000000 105.0000000 
15.0000000 105.0000000 
30.0000000 105.0000000 
45.0000000 105.0000000 
60.0000000 105.0000000 
75.0000000 105.0000000 
90.0000000 105.0000000 
105.0000000 105.0000000 
120.0000000 105.0000000 
135.0000000 105.0000000 
150.0000000 105.0000000 
165.0000000 105.0000000 
180.0000000 105.0000000 
195.0000000 105.0000000 
210.0000000 105.0000000 
225.0000000 105.0000000 
240.0000000 105.0000000 
0.0000000 120.0000000 
15.0000000 120.0000000 
30.0000000 120.0000000 
45.0000000 120.0000000 
60.0000000 120.0000000 
75.0000000 120.0000000 
90.0000000 120.0000000 
105.0000000 120.0000000 
120.0000000 120.0000000 
135.0000000 120.0000000 
150.0000000 120.0000000 
165.0000000 120.0000000 
180.0000000 120.0000000 
195.0000000 120.0000000 
210.0000000 120.0000000 
225.0000000 120.0000000 
240.0000000 120.0000000 
0.0000000 135.0000000 
15.0000000 135.0000000 
30.0000000 135.0000000 
45.0000000 135.0000000 
60.0000000 135.0000000 
75.0000000 135.0000000 
90.0000000 135.0000000 
105.0000000 135.0000000 
120.0000000 135.0000000 
135.0000000 135.0000000 
150.0000000 135.0000000 
165.0000000 135.0000000 
180.0000000 135.0000000 
195.0000000 135.0000000 
210.0000000 135.0000000 
225.0000000 135.0000000 
240.0000000 135.0000000 
0.0000000 150.0000000 
15.0000000 150.0000000 
30.0000000 150.0000000 
45.0000000 150.0000000 
60.0000000 150.0000000 
75.0000000 150.0000000 
90.0000000 150.0000000 
105.0000000 150.0000000 
120.0000000 150.0000000 
135.0000000 150.0000000 
150.0000000 150.0000000 
165.0000000 150.0000000 
180.0000000 150.0000000 
195.0000000 150.0000000 
210.0000000 150.0000000 
225.0000000 150.0000000 
240.0000000 150.0000000 
0.0000000 165.0000000 
15.0000000 165.0000000 
30.0000000 165.0000000 
45.0000000 165.0000000 
60.0000000 165.0000000 
90.0000000 165.0000000 
105.0000000 165.0000000 
120.0000000 165.0000000 
135.0000000 165.0000000 
150.0000000 165.0000000 
165.0000000 165.0000000 
180.0000000 165.0000000 
195.0000000 165.0000000 
210.0000000 165.0000000 
225.0000000 165.0000000 
240.0000000 165.0000000 
0.0000000 180.0000000 
15.0000000 180.0000000 
30.0000000 180.0000000 
45.0000000 180.0000000 
60.0000000 180.0000000 
75.0000000 180.0000000 
90.0000000 180.0000000 
105.0000000 180.0000000 
120.0000000 180.0000000 
135.0000000 180.0000000 
150.0000000 180.0000000 
165.0000000 180.0000000 
180.0000000 180.0000000 
195.0000000 180.0000000 
210.0000000 180.0000000 
225.0000000 180.0000000 
240.0000000 180.0000000 
0.0000000 195.0000000 
15.0000000 195.0000000 
30.0000000 195.0000000 
45.0000000 195.0000000 
60.0000000 195.0000000 
75.0000000 195.0000000 
90.0000000 195.0000000 
105.0000000 195.0000000 
135.0000000 195.0000000 
150.0000000 195.0000000 
165.0000000 195.0000000 
180.0000000 195.0000000 
195.0000000 195.0000000 
210.0000000 195.0000000 
225.0000000 195.0000000 
240.0000000 195.0000000 
############
************
0.0000000 0.0000000 
15.0000000 0.0000000 
30.0000000 0.0000000 
45.0000000 0.0000000 
60.0000000 0.0000000 
75.0000000 0.0000000 
90.0000000 0.0000000 
105.0000000 0.0000000 
120.0000000 0.0000000 
135.0000000 0.0000000 
150.0000000 0.0000000 
165.0000000 0.0000000 
180.0000000 0.0000000 
195.0000000 0.0000000 
210.0000000 0.0000000 
225.0000000 0.0000000 
240.0000000 0.0000000 
0.0000000 15.0000000 
15.0000000 15.0000000 
30.0000000 15.0000000 
45.0000000 15.0000000 
60.0000000 15.0000000 
75.0000000 15.0000000 
90.0000000 15.0000000 
105.0000000 15.0000000 
120.0000000 15.0000000 
135.0000000 15.0000000 
150.0000000 15.0000000 
165.0000000 15.0000000 
180.0000000 15.0000000 
195.0000000 15.0000000 
210.0000000 15.0000000 
225.0000000 15.0000000 
240.0000000 15.0000000 
0.0000000 30.0000000 
15.0000000 30.0000000 
30.0000000 30.0000000 
45.0000000 30.0000000 
60.0000000 30.0000000 
75.0000000 30.0000000 
90.0000000 30.0000000 
105.0000000 30.0000000 
120.0000000 30.0000000 
135.0000000 30.0000000 
150.0000000 30.0000000 
165.0000000 30.0000000 
180.0000000 30.0000000 
195.0000000 30.0000000 
210.0000000 30.0000000 
225.0000000 30.0000000 
240.0000000 30.0000000 
0.0000000 45.0000000 
15.0000000 45.0000000 
30.0000000 45.0000000 
45.0000000 45.0000000 
60.0000000 45.0000000 
75.0000000 45.0000000 
90.0000000 45.0000000 
105.0000000 45.0000000 
120.0000000 45.0000000 
135.0000000 45.0000000 
150.0000000 45.0000000 
165.0000000 45.0000000 
180.0000000 45.0000000 
195.0000000 45.0000000 
210.0000000 45.0000000 
225.0000000 45.0000000 
240.0000000 45.0000000 
0.0000000 60.0000000 
15.0000000 60.0000000 
30.0000000 60.0000000 
45.0000000 60.0000000 
60.0000000 60.0000000 
75.0000000 60.0000000 
90.0000000 60.0000000 
105.0000000 60.0000000 
120.0000000 60.0000000 
135.0000000 60.0000000 
150.0000000 60.0000000 
165.0000000 60.0000000 
180.0000000 60.0000000 
195.0000000 60.0000000 
210.0000000 60.0000000 
225.0000000 60.0000000 
240.0000000 60.0000000 
0.0000000 75.0000000 
15.0000000 75.0000000 
30.0000000 75.0000000 
45.0000000 75.0000000 
60.0000000 75.0000000 
75.0000000 75.0000000 
90.0000000 75.0000000 
105.0000000 75.0000000 
120.0000000 75.0000000 
135.0000000 75.0000000 
150.0000000 75.0000000 
165.0000000 75.0000000 
180.0000000 75.0000000 
195.0000000 75.0000000 
210.0000000 75.0000000 
225.0000000 75.0000000 
240.0000000 75.0000000 
0.0000000 90.0000000 
15.0000000 90.0000000 
30.0000000 90.0000000 
45.0000000 90.0000000 
60.0000000 90.0000000 
75.0000000 90.0000000 
90.0000000 90.0000000 
105.0000000 90.0000000 
120.0000000 90.0000000 
135.0000000 90.0000000 
150.0000000 90.0000000 
165.0000000 90.0000000 
180.0000000 90.0000000 
195.0000000 90.0000000 
210.0000000 90.0000000 
225.0000000 90.0000000 
240.0000000 90.0000000 
0.0000000 105.0000000 
15.0000000 105.0000000 
30.0000000 105.0000000 
45.0000000 105.0000000 
60.0000000 105.0000000 
75.0000000 105.0000000 
90.0000000 105.0000000 
105.0000000 105.0000000 
120.0000000 105.0000000 
135.0000000 105.0000000 
150.0000000 105.0000000 
165.0000000 105.0000000 
180.0000000 105.0000000 
195.0000000 105.0000000 
210.0000000 105.0000000 
225.0000000 105.0000000 
240.0000000 105.0000000 
0.0000000 120.0000000 
15.0000000 120.0000000 
30.0000000 120.0000000 
45.0000000 120.0000000 
60.0000000 120.0000000 
75.0000000 120.0000000 
90.0000000 120.0000000 
105.0000000 120.0000000 
120.0000000 120.0000000 
135.0000000 120.0000000 
150.0000000 120.0000000 
165.0000000 120.0000000 
180.0000000 120.0000000 
195.0000000 120.0000000 
210.0000000 120.0000000 
225.0000000 120.0000000 
240.0000000 120.0000000 
0.0000000 135.0000000 
15.0000000 135.0000000 
30.0000000 135.0000000 
45.0000000 135.0000000 
60.0000000 135.0000000 
75.0000000 135.0000000 
90.0000000 135.0000000 
105.0000000 135.0000000 
120.0000000 135.0000000 
135.0000000 135.0000000 
150.0000000 135.0000000 
165.0000000 135.0000000 
180.0000000 135.0000000 
195.0000000 135.0000000 
210.0000000 135.0000000 
225.0000000 135.0000000 
240.0000000 135.0000000 
0.0000000 150.0000000 
15.0000000 150.0000000 
30.0000000 150.0000000 
45.0000000 150.0000000 
60.0000000 150.0000000 
75.0000000 150.0000000 
90.0000000 150.0000000 
105.0000000 150.0000000 
120.0000000 150.0000000 
135.0000000 150.0000000 
150.0000000 150.0000000 
165.0000000 150.0000000 
180.0000000 150.0000000 
195.0000000 150.0000000 
210.0000000 150.0000000 
225.0000000 150.0000000 
240.0000000 150.0000000 
0.0000000 165.0000000 
15.0000000 165.0000000 
30.0000000 165.0000000 
45.0000000 165.0000000 
60.0000000 165.0000000 
75.0000000 165.0000000 
90.0000000 165.0000000 
105.0000000 165.0000000 
120.0000000 165.0000000 
135.0000000 165.0000000 
150.0000000 165.0000000 
165.0000000 165.0000000 
180.0000000 165.0000000 
195.0000000 165.0000000 
210.0000000 165.0000000 
225.0000000 165.0000000 
240.0000000 165.0000000 
0.0000000 180.0000000 
15.0000000 180.0000000 
30.0000000 180.0000000 
45.0000000 180.0000000 
60.0000000 180.0000000 
75.0000000 180.0000000 
90.0000000 180.0000000 
105.0000000 180.0000000 
135.0000000 180.0000000 
150.0000000 180.0000000 
165.0000000 180.0000000 
180.0000000 180.0000000 
195.0000000 180.0000000 
210.0000000 180.0000000 
225.0000000 180.0000000 
240.0000000 180.0000000 
0.0000000 195.0000000 
15.0000000 195.0000000 
30.0000000 195.0000000 
45.0000000 195.0000000 
60.0000000 195.0000000 
75.0000000 195.0000000 
90.0000000 195.0000000 
105.0000000 195.0000000 
120.0000000 195.0000000 
135.0000000 195.0000000 
150.0000000 195.0000000 
165.0000000 195.0000000 
180.0000000 195.0000000 
195.0000000 195.0000000 
210.0000000 195.0000000 
225.0000000 195.0000000 
240.0000000 195.0000000 
############
************
0.0000000 0.0000000 
15.0000000 0.0000000 
30.0000000 0.0000000 
45.0000000 0.0000000 
60.0000000 0.0000000 
75.0000000 0.0000000 
90.0000000 0.0000000 
105.0000000 0.0000000 
120.0000000 0.0000000 
135.0000000 0.0000000 
150.0000000 0.0000000 
165.0000000 0.0000000 
180.0000000 0.0000000 
195.0000000 0.0000000 
210.0000000 0.0000000 
225.0000000 0.0000000 
240.0000000 0.0000000 
0.0000000 15.0000000 
15.0000000 15.0000000 
30.0000000 15.0000000 
45.0000000 15.0000000 
60.0000000 15.0000000 
75.0000000 15.0000000 
90.0000000 15.0000000 
105.0000000 15.0000000 
120.0000000 15.0000000 
135.0000000 15.0000000 
150.0000000 15.0000000 
165.0000000 15.0000000 
180.0000000 15.0000000 
195.0000000 15.0000000 
210.0000000 15.0000000 
225.0000000 15.0000000 
240.0000000 15.0000000 
0.0000000 30.0000000 
15.0000000 30.0000000 
30.0000000 30.0000000 
45.0000000 30.0000000 
60.0000000 30.0000000 
75.0000000 30.0000000 
90.0000000 30.0000000 
105.0000000 30.0000000 
120.0000000 30.0000000 
135.0000000 30.0000000 
150.0000000 30.0000000 
165.0000000 30.0000000 
180.0000000 30.0000000 
195.0000000 30.0000000 
210.0000000 30.0000000 
225.0000000 30.0000000 
240.0000000 30.0000000 
0.0000000 45.0000000 
15.0000000 45.0000000 
30.0000000 45.0000000 
45.0000000 45.0000000 
60.0000000 45.0000000 
75.0000000 45.0000000 
90.0000000 45.0000000 
105.0000000 45.0000000 
120.0000000 45.0000000 
135.0000000 45.0000000 
150.0000000 45.0000000 
165.0000000 45.0000000 
180.0000000 45.0000000 
195.0000000 45.0000000 
210.0000000 45.0000000 
225.0000000 45.0000000 
240.0000000 45.0000000 
0.0000000 60.0000000 
15.0000000 60.0000000 
30.0000000 60.0000000 
45.0000000 60.0000000 
60.0000000 60.0000000 
75.0000000 60.0000000 
90.0000000 60.0000000 
105.0000000 60.0000000 
120.0000000 60.0000000 
135.0000000 60.0000000 
150.0000000 60.0000000 
165.0000000 60.0000000 
180.0000000 60.0000000 
195.0000000 60.0000000 
210.0000000 60.0000000 
225.0000000 60.0000000 
240.0000000 60.0000000 
0.0000000 75.0000000 
15.0000000 75.0000000 
30.0000000 75.0000000 
45.0000000 75.0000000 
60.0000000 75.0000000 
75.0000000 75.0000000 
90.0000000 75.0000000 
105.0000000 75.0000000 
120.0000000 75.0000000 
135.0000000 75.0000000 
150.0000000 75.0000000 
165.0000000 75.0000000 
180.0000000 75.0000000 
195.0000000 75.0000000 
210.0000000 75.0000000 
225.0000000 75.0000000 
240.0000000 75.0000000 
0.0000000 90.0000000 
15.0000000 90.0000000 
30.0000000 90.0000000 
45.0000000 90.0000000 
60.0000000 90.0000000 
75.0000000 90.0000000 
90.0000000 90.0000000 
105.0000000 90.0000000 
120.0000000 90.0000000 
135.0000000 90.0000000 
150.0000000 90.0000000 
165.0000000 90.0000000 
180.0000000 90.0000000 
195.0000000 90.0000000 
210.0000000 90.0000000 
225.0000000 90.0000000 
240.0000000 90.0000000 
0.0000000 105.0000000 
15.0000000 105.0000000 
30.0000000 105.0000000 
45.0000000 105.0000000 
60.0000000 105.0000000 
75.0000000 105.0000000 
90.0000000 105.0000000 
105.0000000 105.0000000 
120.0000000 105.0000000 
135.0000000 105.0000000 
150.0000000 105.0000000 
165.0000000 105.0000000 
180.0000000 105.0000000 
195.0000000 105.0000000 
210.0000000 105.0000000 
225.0000000 105.0000000 
240.0000000 105.0000000 
0.0000000 120.0000000 
15.0000000 120.0000000 
30.0000000 120.0000000 
45.0000000 120.0000000 
60.0000000 120.0000000 
75.0000000 120.0000000 
90.0000000 120.0000000 
105.0000000 120.0000000 
120.0000000 120.0000000 
135.0000000 120.0000000 
150.0000000 120.0000000 
165.0000000 120.0000000 
180.0000000 120.0000000 
195.0000000 120.0000000 
210.0000000 120.0000000 
225.0000000 120.0000000 
240.0000000 120.0000000 
0.0000000 135.0000000 
15.0000000 135.0000000 
30.0000000 135.0000000 
45.0000000 135.0000000 
60.0000000 135.0000000 
75.0000000 135.0000000 
90.0000000 135.0000000 
105.0000000 135.0000000 
120.0000000 135.0000000 
135.0000000 135.0000000 
150.0000000 135.0000000 
165.0000000 135.0000000 
180.0000000 135.0000000 
195.0000000 135.0000000 
210.0000000 135.0000000 
225.0000000 135.0000000 
240.0000000 135.0000000 
0.0000000 150.0000000 
15.0000000 150.0000000 
30.0000000 150.0000000 
45.0000000 150.0000000 
60.0000000 150.0000000 
75.0000000 150.0000000 
90.0000000 150.0000000 
105.0000000 150.0000000 
120.0000000 150.0000000 
135.0000000 150.0000000 
150.0000000 150.0000000 
165.0000000 150.0000000 
180.0000000 150.0000000 
195.0000000 150.0000000 
210.0000000 150.0000000 
225.0000000 150.0000000 
240.0000000 150.0000000 
0.0000000 165.0000000 
15.0000000 165.0000000 
30.0000000 165.0000000 
45.0000000 165.0000000 
60.0000000 165.0000000 
75.0000000 165.0000000 
90.0000000 165.0000000 
105.0000000 165.0000000 
120.0000000 165.0000000 
135.0000000 165.0000000 
150.0000000 165.0000000 
165.0000000 165.0000000 
180.0000000 165.0000000 
195.0000000 165.0000000 
210.0000000 165.0000000 
225.0000000 165.0000000 
240.0000000 165.0000000 
0.0000000 180.0000000 
15.0000000 180.0000000 
30.0000000 180.0000000 
45.0000000 180.0000000 
60.0000000 180.0000000 
75.0000000 180.0000000 
90.0000000 180.0000000 
105.0000000 180.0000000 
120.0000000 180.0000000 
135.0000000 180.0000000 
150.0000000 180.0000000 
165.0000000 180.0000000 
180.0000000 180.0000000 
195.0000000 180.0000000 
210.0000000 180.0000000 
225.0000000 180.0000000 
240.0000000 180.0000000 
0.0000000 195.0000000 
15.0000000 195.0000000 
30.0000000 195.0000000 
45.0000000 195.0000000 
60.0000000 195.0000000 
75.0000000 195.0000000 
90.0000000 195.0000000 
105.0000000 195.0000000 
120.0000000 195.0000000 
135.0000000 195.0000000 
150.0000000 195.0000000 
165.0000000 195.0000000 
180.0000000 195.0000000 
195.0000000 195.0000000 
210.0000000 195.0000000 
225.0000000 195.0000000 
240.0000000 195.0000000 
############
************
0.0000000 0.0000000 
15.0000000 0.0000000 
30.0000000 0.0000000 
45.0000000 0.0000000 
60.0000000 0.0000000 
75.0000000 0.0000000 
90.0000000 0.0000000 
105.0000000 0.0000000 
120.0000000 0.0000000 
135.0000000 0.0000000 
150.0000000 0.0000000 
165.0000000 0.0000000 
180.0000000 0.0000000 
195.0000000 0.0000000 
210.0000000 0.0000000 
225.0000000 0.0000000 
240.0000000 0.0000000 
0.0000000 15.0000000 
15.0000000 15.0000000 
30.0000000 15.0000000 
45.0000000 15.0000000 
60.0000000 15.0000000 
75.0000000 15.0000000 
90.0000000 15.0000000 
105.0000000 15.0000000 
120.0000000 15.0000000 
135.0000000 15.0000000 
150.0000000 15.0000000 
165.0000000 15.0000000 
180.0000000 15.0000000 
195.0000000 15.0000000 
210.0000000 15.0000000 
225.0000000 15.0000000 
240.0000000 15.0000000 
0.0000000 30.0000000 
15.0000000 30.0000000 
30.0000000 30.0000000 
45.0000000 30.0000000 
60.0000000 30.0000000 
75.0000000 30.0000000 
90.0000000 30.0000000 
105.0000000 30.0000000 
120.0000000 30.0000000 
135.0000000 30.0000000 
150.0000000 30.0000000 
165.0000000 30.0000000 
180.0000000 30.0000000 
195.0000000 30.0000000 
210.0000000 30.0000000 
225.0000000 30.0000000 
240.0000000 30.0000000 
0.0000000 45.0000000 
15.0000000 45.0000000 
30.0000000 45.0000000 
45.0000000 45.0000000 
60.0000000 45.0000000 
75.0000000 45.0000000 
90.0000000 45.0000000 
105.0000000 45.0000000 
120.0000000 45.0000000 
135.0000000 45.0000000 
150.0000000 45.0000000 
165.0000000 45.0000000 
180.0000000 45.0000000 
195.0000000 45.0000000 
210.0000000 45.0000000 
225.0000000 45.0000000 
240.0000000 45.0000000 
0.0000000 60.0000000 
15.0000000 60.0000000 
30.0000000 60.0000000 
45.0000000 60.0000000 
60.0000000 60.0000000 
75.0000000 60.0000000 
90.0000000 60.0000000 
105.0000000 60.0000000 
120.0000000 60.0000000 
135.0000000 60.0000000 
150.0000000 60.0000000 
165.0000000 60.0000000 
180.0000000 60.0000000 
195.0000000 60.0000000 
210.0000000 60.0000000 
225.0000000 60.0000000 
240.0000000 60.0000000 
0.0000000 75.0000000 
15.0000000 75.0000000 
30.0000000 75.0000000 
45.0000000 75.0000000 
60.0000000 75.0000000 
75.0000000 75.0000000 
90.0000000 75.0000000 
105.0000000 75.0000000 
120.0000000 75.0000000 
135.0000000 75.0000000 
150.0000000 75.0000000 
165.0000000 75.0000000 
180.0000000 75.0000000 
195.0000000 75.0000000 
210.0000000 75.0000000 
225.0000000 75.0000000 
240.0000000 75.0000000 
0.0000000 90.0000000 
15.0000000 90.0000000 
30.0000000 90.0000000 
45.0000000 90.0000000 
60.0000000 90.0000000 
75.0000000 90.0000000 
90.0000000 90.0000000 
105.0000000 90.0000000 
120.0000000 90.0000000 
135.0000000 90.0000000 
150.0000000 90.0000000 
165.0000000 90.0000000 
180.0000000 90.0000000 
195.0000000 90.0000000 
210.0000000 90.0000000 
225.0000000 90.0000000 
240.0000000 90.0000000 
0.0000000 105.0000000 
15.0000000 105.0000000 
30.0000000 105.0000000 
45.0000000 105.0000000 
60.0000000 105.0000000 
75.0000000 105.0000000 
90.0000000 105.0000000 
105.0000000 105.0000000 
120.0000000 105.0000000 
135.0000000 105.0000000 
150.0000000 105.0000000 
165.0000000 105.0000000 
180.0000000 105.0000000 
195.0000000 105.0000000 
210.0000000 105.0000000 
225.0000000 105.0000000 
240.0000000 105.0000000 
0.0000000 120.0000000 
15.0000000 120.0000000 
30.0000000 120.0000000 
45.0000000 120.0000000 
60.0000000 120.0000000 
75.0000000 120.0000000 
90.0000000 120.0000000 
105.0000000 120.0000000 
120.0000000 120.0000000 
135.0000000 120.0000000 
150.0000000 120.0000000 
165.0000000 120.0000000 
180.0000000 120.0000000 
195.0000000 120.0000000 
210.0000000 120.0000000 
225.0000000 120.0000000 
240.0000000 120.0000000 
0.0000000 135.0000000 
15.0000000 135.0000000 
30.0000000 135.0000000 
45.0000000 135.0000000 
60.0000000 135.0000000 
75.0000000 135.0000000 
90.0000000 135.0000000 
105.0000000 135.0000000 
120.0000000 135.0000000 
135.0000000 135.0000000 
150.0000000 135.0000000 
165.0000000 135.0000000 
180.0000000 135.0000000 
195.0000000 135.0000000 
210.0000000 135.0000000 
225.0000000 135.0000000 
0.0000000 150.0000000 
15.0000000 150.0000000 
30.0000000 150.0000000 
45.0000000 150.0000000 
60.0000000 150.0000000 
75.0000000 150.0000000 
90.0000000 150.0000000 
105.0000000 150.0000000 
120.0000000 150.0000000 
135.0000000 150.0000000 
150.0000000 150.0000000 
165.0000000 150.0000000 
180.0000000 150.0000000 
195.0000000 150.0000000 
210.0000000 150.0000000 
225.0000000 150.0000000 
240.0000000 150.0000000 
0.0000000 165.0000000 
15.0000000 165.0000000 
30.0000000 165.0000000 
45.0000000 165.0000000 
60.0000000 165.0000000 
75.0000000 165.0000000 
90.0000000 165.0000000 
105.0000000 165.0000000 
120.0000000 165.0000000 
135.0000000 165.0000000 
150.0000000 165.0000000 
165.0000000 165.0000000 
180.0000000 165.0000000 
195.0000000 165.0000000 
210.0000000 165.0000000 
225.0000000 165.0000000 
240.0000000 165.0000000 
0.0000000 180.0000000 
15.0000000 180.0000000 
30.0000000 180.0000000 
45.0000000 180.0000000 
60.0000000 180.0000000 
75.0000000 180.0000000 
90.0000000 180.0000000 
105.0000000 180.0000000 
120.0000000 180.0000000 
135.0000000 180.0000000 
150.0000000 180.0000000 
165.0000000 180.0000000 
180.0000000 180.0000000 
195.0000000 180.0000000 
210.0000000 180.0000000 
225.0000000 180.0000000 
240.0000000 180.0000000 
0.0000000 195.0000000 
15.0000000 195.0000000 
30.0000000 195.0000000 
45.0000000 195.0000000 
60.0000000 195.0000000 
75.0000000 195.0000000 
90.0000000 195.0000000 
105.0000000 195.0000000 
120.0000000 195.0000000 
135.0000000 195.0000000 
150.0000000 195.0000000 
165.0000000 195.0000000 
180.0000000 195.0000000 
195.0000000 195.0000000 
210.0000000 195.0000000 
225.0000000 195.0000000 
240.0000000 195.0000000 
############
************
0.0000000 0.0000000 
15.0000000 0.0000000 
30.0000000 0.0000000 
45.0000000 0.0000000 
60.0000000 0.0000000 
75.0000000 0.0000000 
90.0000000 0.0000000 
105.0000000 0.0000000 
120.0000000 0.0000000 
135.0000000 0.0000000 
150.0000000 0.0000000 
165.0000000 0.0000000 
180.0000000 0.0000000 
195.0000000 0.0000000 
210.0000000 0.0000000 
225.0000000 0.0000000 
240.0000000 0.0000000 
0.0000000 15.0000000 
15.0000000 15.0000000 
30.0000000 15.0000000 
45.0000000 15.0000000 
60.0000000 15.0000000 
75.0000000 15.0000000 
90.0000000 15.0000000 
105.0000000 15.0000000 
120.0000000 15.0000000 
135.0000000 15.0000000 
150.0000000 15.0000000 
165.0000000 15.0000000 
180.0000000 15.0000000 
195.0000000 15.0000000 
210.0000000 15.0000000 
225.0000000 15.0000000 
240.0000000 15.0000000 
0.0000000 30.0000000 
15.0000000 30.0000000 
30.0000000 30.0000000 
45.0000000 30.0000000 
60.0000000 30.0000000 
75.0000000 30.0000000 
90.0000000 30.0000000 
105.0000000 30.0000000 
120.0000000 30.0000000 
135.0000000 30.0000000 
150.0000000 30.0000000 
165.0000000 30.0000000 
180.0000000 30.0000000 
195.0000000 30.0000000 
210.0000000 30.0000000 
225.0000000 30.0000000 
240.0000000 30.0000000 
0.0000000 45.0000000 
15.0000000 45.0000000 
30.0000000 45.0000000 
45.0000000 45.0000000 
60.0000000 45.0000000 
75.0000000 45.0000000 
90.0000000 45.0000000 
105.0000000 45.0000000 
120.0000000 45.0000000 
135.0000000 45.0000000 
150.0000000 45.0000000 
165.0000000 45.0000000 
180.0000000 45.0000000 
195.0000000 45.0000000 
210.0000000 45.0000000 
225.0000000 45.0000000 
240.0000000 45.0000000 
0.0000000 60.0000000 
15.0000000 60.0000000 
30.0000000 60.0000000 
45.0000000 60.0000000 
60.0000000 60.0000000 
75.0000000 60.0000000 
90.0000000 60.0000000 
105.0000000 60.0000000 
120.0000000 60.0000000 
135.0000000 60.0000000 
150.0000000 60.0000000 
165.0000000 60.0000000 
180.0000000 60.0000000 
195.0000000 60.0000000 
210.0000000 60.0000000 
225.0000000 60.0000000 
240.0000000 60.0000000 
0.0000000 75.0000000 
15.0000000 75.0000000 
30.0000000 75.0000000 
45.0000000 75.0000000 
60.0000000 75.0000000 
75.0000000 75.0000000 
90.0000000 75.0000000 
105.0000000 75.0000000 
120.0000000 75.0000000 
135.0000000 75.0000000 
150.0000000 75.0000000 
165.0000000 75.0000000 
180.0000000 75.0000000 
195.0000000 75.0000000 
210.0000000 75.0000000 
225.0000000 75.0000000 
240.0000000 75.0000000 
0.0000000 90.0000000 
15.0000000 90.0000000 
30.0000000 90.0000000 
45.0000000 90.0000000 
60.0000000 90.0000000 
75.0000000 90.0000000 
90.0000000 90.0000000 
105.0000000 90.0000000 
120.0000000 90.0000000 
135.0000000 90.0000000 
150.0000000 90.0000000 
165.0000000 90.0000000 
180.0000000 90.0000000 
195.0000000 90.0000000 
210.0000000 90.0000000 
225.0000000 90.0000000 
240.0000000 90.0000000 
0.0000000 105.0000000 
15.0000000 105.0000000 
30.0000000 105.0000000 
45.0000000 105.0000000 
60.0000000 105.0000000 
75.0000000 105.0000000 
90.0000000 105.0000000 
105.0000000 105.0000000 
120.0000000 105.0000000 
135.0000000 105.0000000 
150.0000000 105.0000000 
165.0000000 105.0000000 
180.0000000 105.0000000 
195.0000000 105.0000000 
210.0000000 105.0000000 
225.0000000 105.0000000 
240.0000000 105.0000000 
0.0000000 120.0000000 
15.0000000 120.0000000 
30.0000000 120.0000000 
45.0000000 120.0000000 
60.0000000 120.0000000 
75.0000000 120.0000000 
90.0000000 120.0000000 
105.0000000 120.0000000 
120.0000000 120.0000000 
135.0000000 120.0000000 
150.0000000 120.0000000 
165.0000000 120.0000000 
180.0000000 120.0000000 
195.0000000 120.0000000 
210.0000000 120.0000000 
225.0000000 120.0000000 
240.0000000 120.0000000 
0.0000000 135.0000000 
15.0000000 135.0000000 
30.0000000 135.0000000 
45.0000000 135.0000000 
60.0000000 135.0000000 
75.0000000 135.0000000 
90.0000000 135.0000000 
105.0000000 135.0000000 
120.0000000 135.0000000 
135.0000000 135.0000000 
150.0000000 135.0000000 
165.0000000 135.0000000 
180.0000000 135.0000000 
195.0000000 135.0000000 
210.0000000 135.0000000 
225.0000000 135.0000000 
240.0000000 135.0000000 
0.0000000 150.0000000 
15.0000000 150.0000000 
30.0000000 150.0000000 
45.0000000 150.0000000 
60.0000000 150.0000000 
75.0000000 150.0000000 
90.0000000 150.0000000 
105.0000000 150.0000000 
120.0000000 150.0000000 
135.0000000 150.0000000 
150.0000000 150.0000000 
165.0000000 150.0000000 
180.0000000 150.0000000 
195.0000000 150.0000000 
210.0000000 150.0000000 
225.0000000 150.0000000 
240.0000000 150.0000000 
0.0000000 165.0000000 
15.0000000 165.0000000 
30.0000000 165.0000000 
45.0000000 165.0000000 
60.0000000 165.0000000 
75.0000000 165.0000000 
90.0000000 165.0000000 
105.0000000 165.0000000 
120.0000000 165.0000000 
135.0000000 165.0000000 
150.0000000 165.0000000 
165.0000000 165.0000000 
180.0000000 165.0000000 
195.0000000 165.0000000 
210.0000000 165.0000000 
225.0000000 165.0000000 
240.0000000 165.0000000 
0.0000000 180.0000000 
15.0000000 180.0000000 
30.0000000 180.0000000 
45.0000000 180.0000000 
60.0000000 180.0000000 
75.0000000 180.0000000 
90.0000000 180.0000000 
105.0000000 180.0000000 
120.0000000 180.0000000 
135.0000000 180.0000000 
150.0000000 180.0000000 
165.0000000 180.0000000 
180.0000000 180.0000000 
195.0000000 180.0000000 
210.0000000 180.0000000 
225.0000000 180.0000000 
240.0000000 180.0000000 
0.0000000 195.0000000 
15.0000000 195.0000000 
30.0000000 195.0000000 
45.0000000 195.0000000 
60.0000000 195.0000000 
75.0000000 195.0000000 
90.0000000 195.0000000 
105.0000000 195.0000000 
120.0000000 195.0000000 
135.0000000 195.0000000 
150.0000000 195.0000000 
165.0000000 195.0000000 
180.0000000 195.0000000 
195.0000000 195.0000000 
210.0000000 195.0000000 
225.0000000 195.0000000 
240.0000000 195.0000000 
############
************
0.0000000 0.0000000 
15.0000000 0.0000000 
30.0000000 0.0000000 
45.0000000 0.0000000 
60.0000000 0.0000000 
75.0000000 0.0000000 
90.0000000 0.0000000 
105.0000000 0.0000000 
120.0000000 0.0000000 
135.0000000 0.0000000 
150.0000000 0.0000000 
165.0000000 0.0000000 
180.0000000 0.0000000 
195.0000000 0.0000000 
210.0000000 0.0000000 
225.0000000 0.0000000 
240.0000000 0.0000000 
0.0000000 15.0000000 
15.0000000 15.0000000 
30.0000000 15.0000000 
45.0000000 15.0000000 
60.0000000 15.0000000 
75.0000000 15.0000000 
90.0000000 15.0000000 
105.0000000 15.0000000 
120.0000000 15.0000000 
135.0000000 15.0000000 
150.0000000 15.0000000 
165.0000000 15.0000000 
180.0000000 15.0000000 
195.0000000 15.0000000 
210.0000000 15.0000000 
225.0000000 15.0000000 
240.0000000 15.0000000 
0.0000000 30.0000000 
15.0000000 30.0000000 
30.0000000 30.0000000 
45.0000000 30.0000000 
60.0000000 30.0000000 
75.0000000 30.0000000 
90.0000000 30.0000000 
105.0000000 30.0000000 
120.0000000 30.0000000 
135.0000000 30.0000000 
150.0000000 30.0000000 
165.0000000 30.0000000 
180.0000000 30.0000000 
195.0000000 30.0000000 
210.0000000 30.0000000 
225.0000000 30.0000000 
240.0000000 30.0000000 
0.0000000 45.0000000 
15.0000000 45.0000000 
30.0000000 45.0000000 
45.0000000 45.0000000 
60.0000000 45.0000000 
75.0000000 45.0000000 
90.0000000 45.0000000 
105.0000000 45.0000000 
120.0000000 45.0000000 
135.0000000 45.0000000 
150.0000000 45.0000000 
165.0000000 45.0000000 
180.0000000 45.0000000 
195.0000000 45.0000000 
210.0000000 45.0000000 
225.0000000 45.0000000 
240.0000000 45.0000000 
0.0000000 60.0000000 
15.0000000 60.0000000 
30.0000000 60.0000000 
45.0000000 60.0000000 
60.0000000 60.0000000 
75.0000000 60.0000000 
90.0000000 60.0000000 
105.0000000 60.0000000 
120.0000000 60.0000000 
135.0000000 60.0000000 
150.0000000 60.0000000 
165.0000000 60.0000000 
180.0000000 60.0000000 
195.0000000 60.0000000 
210.0000000 60.0000000 
225.0000000 60.0000000 
240.0000000 60.0000000 
0.0000000 75.0000000 
15.0000000 75.0000000 
30.0000000 75.0000000 
45.0000000 75.0000000 
60.0000000 75.0000000 
75.0000000 75.0000000 
90.0000000 75.0000000 
105.0000000 75.0000000 
120.0000000 75.0000000 
135.0000000 75.0000000 
150.0000000 75.0000000 
165.0000000 75.0000000 
180.0000000 75.0000000 
195.0000000 75.0000000 
210.0000000 75.0000000 
225.0000000 75.0000000 
240.0000000 75.0000000 
0.0000000 90.0000000 
15.0000000 90.0000000 
30.0000000 90.0000000 
45.0000000 90.0000000 
60.0000000 90.0000000 
75.0000000 90.0000000 
90.0000000 90.0000000 
105.0000000 90.0000000 
120.0000000 90.0000000 
135.0000000 90.0000000 
150.0000000 90.0000000 
165.0000000 90.0000000 
180.0000000 90.0000000 
195.0000000 90.0000000 
210.0000000 90.0000000 
225.0000000 90.0000000 
240.0000000 90.0000000 
0.0000000 105.0000000 
15.0000000 105.0000000 
30.0000000 105.0000000 
45.0000000 105.0000000 
60.0000000 105.0000000 
75.0000000 105.0000000 
90.0000000 105.0000000 
105.0000000 105.0000000 
120.0000000 105.0000000 
135.0000000 105.0000000 
150.0000000 105.0000000 
165.0000000 105.0000000 
180.0000000 105.0000000 
195.0000000 105.0000000 
210.0000000 105.0000000 
225.0000000 105.0000000 
240.0000000 105.0000000 
0.0000000 120.0000000 
15.0000000 120.0000000 
30.0000000 120.0000000 
45.0000000 120.0000000 
60.0000000 120.0000000 
75.0000000 120.0000000 
90.0000000 120.0000000 
105.0000000 120.0000000 
120.0000000 120.0000000 
135.0000000 120.0000000 
150.0000000 120.0000000 
165.0000000 120.0000000 
180.0000000 120.0000000 
195.0000000 120.0000000 
210.0000000 120.0000000 
225.0000000 120.0000000 
240.0000000 120.0000000 
0.0000000 135.0000000 
15.0000000 135.0000000 
30.0000000 135.0000000 
45.0000000 135.0000000 
60.0000000 135.0000000 
75.0000000 135.0000000 
90.0000000 135.0000000 
105.0000000 135.0000000 
120.0000000 135.0000000 
135.0000000 135.0000000 
150.0000000 135.0000000 
165.0000000 135.0000000 
180.0000000 135.0000000 
195.0000000 135.0000000 
210.0000000 135.0000000 
225.0000000 135.0000000 
240.0000000 135.0000000 
0.0000000 150.0000000 
15.0000000 150.0000000 
30.0000000 150.0000000 
45.0000000 150.0000000 
60.0000000 150.0000000 
75.0000000 150.0000000 
90.0000000 150.0000000 
105.0000000 150.0000000 
120.0000000 150.0000000 
135.0000000 150.0000000 
150.0000000 150.0000000 
165.0000000 150.0000000 
180.0000000 150.0000000 
195.0000000 150.0000000 
210.0000000 150.0000000 
225.0000000 150.0000000 
240.0000000 150.0000000 
0.0000000 165.0000000 
15.0000000 165.0000000 
30.0000000 165.0000000 
45.0000000 165.0000000 
60.0000000 165.0000000 
75.0000000 165.0000000 
90.0000000 165.0000000 
105.0000000 165.0000000 
120.0000000 165.0000000 
135.0000000 165.0000000 
150.0000000 165.0000000 
165.0000000 165.0000000 
180.0000000 165.0000000 
195.0000000 165.0000000 
210.0000000 165.0000000 
225.0000000 165.0000000 
240.0000000 165.0000000 
0.0000000 180.0000000 
15.0000000 180.0000000 
30.0000000 180.0000000 
45.0000000 180.0000000 
60.0000000 180.0000000 
75.0000000 180.0000000 
90.0000000 180.0000000 
105.0000000 180.0000000 
120.0000000 180.0000000 
135.0000000 180.0000000 
150.0000000 180.0000000 
165.0000000 180.0000000 
180.0000000 180.0000000 
195.0000000 180.0000000 
210.0000000 180.0000000 
225.0000000 180.0000000 
240.0000000 180.0000000 
0.0000000 195.0000000 
15.0000000 195.0000000 
30.0000000 195.0000000 
45.0000000 195.0000000 
60.0000000 195.0000000 
75.0000000 195.0000000 
90.0000000 195.0000000 
105.0000000 195.0000000 
120.0000000 195.0000000 
135.0000000 195.0000000 
150.0000000 195.0000000 
165.0000000 195.0000000 
180.0000000 195.0000000 
195.0000000 195.0000000 
210.0000000 195.0000000 
225.0000000 195.0000000 
240.0000000 195.0000000 
############
